rank_number,actor,contributions,percent,cumulative_sum,cumulative_percent,all_contributions
1,RichardChukwu,57,0.92218,57,0.92218,6181
2,nirdothan,49,0.79275,106,1.71493,6181
3,maindotmarcell,47,0.76039,153,2.47533,6181
4,vishnuswmech,40,0.64714,193,3.12247,6181
5,olamideTiana,36,0.58243,229,3.70490,6181
6,cikasfm,34,0.55007,263,4.25497,6181
7,bintus-ux,33,0.53389,296,4.78887,6181
8,CloudShiva7cr,33,0.53389,329,5.32276,6181
9,Annosha,31,0.50154,360,5.82430,6181
10,bencorrado,30,0.48536,390,6.30966,6181
11,Pratik-050,30,0.48536,420,6.79502,6181
12,Jesse-Bonfire,26,0.42064,446,7.21566,6181
13,ritzorama,25,0.40447,471,7.62013,6181
14,TalyaNaima,25,0.40447,496,8.02459,6181
15,moreirayokoyama,24,0.38829,520,8.41288,6181
16,avanish23,23,0.37211,543,8.78499,6181
17,OtavioDeMoraes,22,0.35593,565,9.14092,6181
18,majeedh33,21,0.33975,586,9.48067,6181
19,wichopy,21,0.33975,607,9.82042,6181
20,winkletinkle,21,0.33975,628,10.16017,6181
21,mrleblanc101,20,0.32357,648,10.48374,6181
22,sfc-gh-jopel,20,0.32357,668,10.80731,6181
23,chahatsagarmain,19,0.30739,687,11.11471,6181
24,colelaven,19,0.30739,706,11.42210,6181
25,Victorsesan,19,0.30739,725,11.72949,6181
26,Deathnote45,18,0.29122,743,12.02071,6181
27,iheartNathan,18,0.29122,761,12.31192,6181
28,sszynrae,17,0.27504,778,12.58696,6181
29,anitabyte,16,0.25886,794,12.84582,6181
30,Arpit529Srivastava,16,0.25886,810,13.10468,6181
31,ashokpariya0,16,0.25886,826,13.36353,6181
32,Nimbus318,16,0.25886,842,13.62239,6181
33,prathamjagga,16,0.25886,858,13.88125,6181
34,fitzergerald,15,0.24268,873,14.12393,6181
35,shivanand007,15,0.24268,888,14.36661,6181
36,AntonioLyubchev,14,0.22650,902,14.59311,6181
37,austin5219,14,0.22650,916,14.81961,6181
38,awgrass,14,0.22650,930,15.04611,6181
39,carmal891,14,0.22650,944,15.27261,6181
40,shivanthzen,14,0.22650,958,15.49911,6181
41,taylorhelene,14,0.22650,972,15.72561,6181
42,Tom-Newton,14,0.22650,986,15.95211,6181
43,vamshi177,14,0.22650,1000,16.17861,6181
44,boekkooi-impossiblecloud,13,0.21032,1013,16.38893,6181
45,create2000,13,0.21032,1026,16.59926,6181
46,jrakas-dev,13,0.21032,1039,16.80958,6181
47,limck5856,13,0.21032,1052,17.01990,6181
48,marcel808,13,0.21032,1065,17.23022,6181
49,mmandada,13,0.21032,1078,17.44054,6181
50,Shmillerov,13,0.21032,1091,17.65087,6181
51,srikanth597,13,0.21032,1104,17.86119,6181
52,binaryBard97,12,0.19414,1116,18.05533,6181
53,edibble21,12,0.19414,1128,18.24947,6181
54,ff137,12,0.19414,1140,18.44362,6181
55,h0nIg,12,0.19414,1152,18.63776,6181
56,jaas1111,12,0.19414,1164,18.83190,6181
57,john7doe,12,0.19414,1176,19.02605,6181
58,lelutin,12,0.19414,1188,19.22019,6181
59,lengcangche-gituhub,12,0.19414,1200,19.41433,6181
60,robert48cfr,12,0.19414,1212,19.60848,6181
61,sceneryback,12,0.19414,1224,19.80262,6181
62,Sumitsh28,12,0.19414,1236,19.99676,6181
63,tmsagarofficial,12,0.19414,1248,20.19091,6181
64,yuanyuanzhao3,12,0.19414,1260,20.38505,6181
65,4gt-104,11,0.17796,1271,20.56302,6181
66,azarboon,11,0.17796,1282,20.74098,6181
67,bhushan354,11,0.17796,1293,20.91895,6181
68,cboudereau,11,0.17796,1304,21.09691,6181
69,dan-akeyless,11,0.17796,1315,21.27487,6181
70,HadasahR,11,0.17796,1326,21.45284,6181
71,Naggayi-Daphne-Pearl,11,0.17796,1337,21.63080,6181
72,ovindu-a,11,0.17796,1348,21.80877,6181
73,sameersaeed,11,0.17796,1359,21.98673,6181
74,sundaram2021,11,0.17796,1370,22.16470,6181
75,Waheedsys,11,0.17796,1381,22.34266,6181
76,yash1378,11,0.17796,1392,22.52063,6181
77,chengcongdu,10,0.16179,1402,22.68241,6181
78,choudhryfrompak,10,0.16179,1412,22.84420,6181
79,epicseven-cup,10,0.16179,1422,23.00599,6181
80,Garvit-77,10,0.16179,1432,23.16777,6181
81,matteopulcini6,10,0.16179,1442,23.32956,6181
82,narayviv,10,0.16179,1452,23.49134,6181
83,RaghavMangla,10,0.16179,1462,23.65313,6181
84,sberoch,10,0.16179,1472,23.81492,6181
85,techworldhello,10,0.16179,1482,23.97670,6181
86,t-eldeeb,10,0.16179,1492,24.13849,6181
87,andreiltd,9,0.14561,1501,24.28410,6181
88,DevEmilio96,9,0.14561,1510,24.42970,6181
89,FanZhang526,9,0.14561,1519,24.57531,6181
90,JanumalaAkhilendra,9,0.14561,1528,24.72092,6181
91,Labiote,9,0.14561,1537,24.86653,6181
92,mlliarm,9,0.14561,1546,25.01213,6181
93,moiz2405,9,0.14561,1555,25.15774,6181
94,Muzaffer8217,9,0.14561,1564,25.30335,6181
95,pablomh,9,0.14561,1573,25.44896,6181
96,siiddhantt,9,0.14561,1582,25.59456,6181
97,Yumeka999,9,0.14561,1591,25.74017,6181
98,Abuntxa,8,0.12943,1599,25.86960,6181
99,antonyj7,8,0.12943,1607,25.99903,6181
100,aolloh,8,0.12943,1615,26.12846,6181
101,basiratkareem,8,0.12943,1623,26.25789,6181
102,batmnnn,8,0.12943,1631,26.38732,6181
103,Beccamak,8,0.12943,1639,26.51674,6181
104,bmk9727,8,0.12943,1647,26.64617,6181
105,cybergeek2077,8,0.12943,1655,26.77560,6181
106,ddodoo,8,0.12943,1663,26.90503,6181
107,GiuseppeTT,8,0.12943,1671,27.03446,6181
108,gtully,8,0.12943,1679,27.16389,6181
109,hwoodiwiss,8,0.12943,1687,27.29332,6181
110,jacri901,8,0.12943,1695,27.42275,6181
111,JajkhContinue,8,0.12943,1703,27.55218,6181
112,learnsomethingtoday,8,0.12943,1711,27.68160,6181
113,MariusRenta,8,0.12943,1719,27.81103,6181
114,mgx0,8,0.12943,1727,27.94046,6181
115,miguellobato84,8,0.12943,1735,28.06989,6181
116,miyamotoh,8,0.12943,1743,28.19932,6181
117,olabodeIdowu,8,0.12943,1751,28.32875,6181
118,rahulsunil2,8,0.12943,1759,28.45818,6181
119,rh-tguittet,8,0.12943,1767,28.58761,6181
120,SankarshanMishra,8,0.12943,1775,28.71704,6181
121,abhi5995,7,0.11325,1782,28.83029,6181
122,andorrafields,7,0.11325,1789,28.94354,6181
123,archinksagar,7,0.11325,1796,29.05679,6181
124,CalebZoe,7,0.11325,1803,29.17004,6181
125,chzar,7,0.11325,1810,29.28329,6181
126,ep-workai,7,0.11325,1817,29.39654,6181
127,felipeagger,7,0.11325,1824,29.50979,6181
128,FuYu3699,7,0.11325,1831,29.62304,6181
129,hraban,7,0.11325,1838,29.73629,6181
130,itsalam,7,0.11325,1845,29.84954,6181
131,JavierPorron,7,0.11325,1852,29.96279,6181
132,k3v1n1k88,7,0.11325,1859,30.07604,6181
133,koko1928,7,0.11325,1866,30.18929,6181
134,lennprog,7,0.11325,1873,30.30254,6181
135,logicsys,7,0.11325,1880,30.41579,6181
136,Madraceee,7,0.11325,1887,30.52904,6181
137,marcospastor,7,0.11325,1894,30.64229,6181
138,MaxLeb,7,0.11325,1901,30.75554,6181
139,mlpaucara,7,0.11325,1908,30.86879,6181
140,mohit-nagaraj,7,0.11325,1915,30.98204,6181
141,NaveenRamu,7,0.11325,1922,31.09529,6181
142,ndbhat,7,0.11325,1929,31.20854,6181
143,nikomauno,7,0.11325,1936,31.32179,6181
144,Ogenbertrand,7,0.11325,1943,31.43504,6181
145,poojaambali,7,0.11325,1950,31.54829,6181
146,prachinandi,7,0.11325,1957,31.66154,6181
147,Pranay1237,7,0.11325,1964,31.77479,6181
148,RenilRaj-BR,7,0.11325,1971,31.88804,6181
149,rjdecilos,7,0.11325,1978,32.00129,6181
150,SagarChandra07,7,0.11325,1985,32.11454,6181
151,shijun-110,7,0.11325,1992,32.22779,6181
152,sivamalla42,7,0.11325,1999,32.34105,6181
153,stoddabr,7,0.11325,2006,32.45430,6181
154,Tilusch,7,0.11325,2013,32.56755,6181
155,VaticanUK,7,0.11325,2020,32.68080,6181
156,vincenzopalazzo,7,0.11325,2027,32.79405,6181
157,virdb,7,0.11325,2034,32.90730,6181
158,Zathiel,7,0.11325,2041,33.02055,6181
159,abdullah,6,0.09707,2047,33.11762,6181
160,abiwot,6,0.09707,2053,33.21469,6181
161,anilsati79,6,0.09707,2059,33.31176,6181
162,AsuNa-jp,6,0.09707,2065,33.40883,6181
163,Benz1993com,6,0.09707,2071,33.50591,6181
164,Boring545,6,0.09707,2077,33.60298,6181
165,cResults,6,0.09707,2083,33.70005,6181
166,dannotes,6,0.09707,2089,33.79712,6181
167,eldhoissc,6,0.09707,2095,33.89419,6181
168,ElectricWeasel,6,0.09707,2101,33.99126,6181
169,FatumaA,6,0.09707,2107,34.08834,6181
170,Fauli,6,0.09707,2113,34.18541,6181
171,ffischer-mdf,6,0.09707,2119,34.28248,6181
172,gorsing,6,0.09707,2125,34.37955,6181
173,GuraaseesSingh,6,0.09707,2131,34.47662,6181
174,huochexizhan,6,0.09707,2137,34.57369,6181
175,jhbruhn,6,0.09707,2143,34.67077,6181
176,jiten686,6,0.09707,2149,34.76784,6181
177,joel-vaz,6,0.09707,2155,34.86491,6181
178,John98Zakaria,6,0.09707,2161,34.96198,6181
179,kalvarahul,6,0.09707,2167,35.05905,6181
180,kamnajain06,6,0.09707,2173,35.15612,6181
181,kevinsummer219,6,0.09707,2179,35.25320,6181
182,kswadi,6,0.09707,2185,35.35027,6181
183,kurst03,6,0.09707,2191,35.44734,6181
184,lijm87,6,0.09707,2197,35.54441,6181
185,lygopher,6,0.09707,2203,35.64148,6181
186,mariuspodean,6,0.09707,2209,35.73855,6181
187,mchen-10,6,0.09707,2215,35.83563,6181
188,MiriSafra,6,0.09707,2221,35.93270,6181
189,Najeeb120,6,0.09707,2227,36.02977,6181
190,namgon-kim,6,0.09707,2233,36.12684,6181
191,norbertcyran,6,0.09707,2239,36.22391,6181
192,palSagnik,6,0.09707,2245,36.32098,6181
193,pramodhm112,6,0.09707,2251,36.41806,6181
194,rcramtharan,6,0.09707,2257,36.51513,6181
195,rgallagher-adc,6,0.09707,2263,36.61220,6181
196,rubvs,6,0.09707,2269,36.70927,6181
197,sholad,6,0.09707,2275,36.80634,6181
198,snewell,6,0.09707,2281,36.90341,6181
199,soyvural,6,0.09707,2287,37.00049,6181
200,stillywud,6,0.09707,2293,37.09756,6181
201,t822876884,6,0.09707,2299,37.19463,6181
202,tomklosinski,6,0.09707,2305,37.29170,6181
203,tpraxl,6,0.09707,2311,37.38877,6181
204,vanilla-sundae,6,0.09707,2317,37.48584,6181
205,vil02,6,0.09707,2323,37.58292,6181
206,xiaomaisuii,6,0.09707,2329,37.67999,6181
207,xwyzsn,6,0.09707,2335,37.77706,6181
208,0xdoomxy,5,0.08089,2340,37.85795,6181
209,5ylar,5,0.08089,2345,37.93884,6181
210,aditya3103,5,0.08089,2350,38.01974,6181
211,agixio,5,0.08089,2355,38.10063,6181
212,ALIHAMZA99,5,0.08089,2360,38.18152,6181
213,andresionek91,5,0.08089,2365,38.26242,6181
214,antiblue,5,0.08089,2370,38.34331,6181
215,arrlancore,5,0.08089,2375,38.42420,6181
216,Bangseungjae,5,0.08089,2380,38.50510,6181
217,ckansara16,5,0.08089,2385,38.58599,6181
218,danilovid,5,0.08089,2390,38.66688,6181
219,davidebettio,5,0.08089,2395,38.74778,6181
220,davidjulien,5,0.08089,2400,38.82867,6181
221,dc-orz,5,0.08089,2405,38.90956,6181
222,Deezzir,5,0.08089,2410,38.99045,6181
223,Divan009,5,0.08089,2415,39.07135,6181
224,gantrior,5,0.08089,2420,39.15224,6181
225,HariniKrishnan,5,0.08089,2425,39.23313,6181
226,hk250097,5,0.08089,2430,39.31403,6181
227,holmanb,5,0.08089,2435,39.39492,6181
228,hosamana,5,0.08089,2440,39.47581,6181
229,itays333,5,0.08089,2445,39.55671,6181
230,jacksandra1,5,0.08089,2450,39.63760,6181
231,janosbabik,5,0.08089,2455,39.71849,6181
232,jeffersonbabuyo,5,0.08089,2460,39.79939,6181
233,jsudano,5,0.08089,2465,39.88028,6181
234,kartickmsft,5,0.08089,2470,39.96117,6181
235,kevinjamescasey,5,0.08089,2475,40.04206,6181
236,kodieg,5,0.08089,2480,40.12296,6181
237,koelle25,5,0.08089,2485,40.20385,6181
238,KOREAN139,5,0.08089,2490,40.28474,6181
239,kpanter,5,0.08089,2495,40.36564,6181
240,krishna-ezlo,5,0.08089,2500,40.44653,6181
241,kryali,5,0.08089,2505,40.52742,6181
242,leonidmanieiev,5,0.08089,2510,40.60832,6181
243,luancaarvalho,5,0.08089,2515,40.68921,6181
244,Mezage,5,0.08089,2520,40.77010,6181
245,miacycle,5,0.08089,2525,40.85099,6181
246,michaelchao,5,0.08089,2530,40.93189,6181
247,mikeknack86,5,0.08089,2535,41.01278,6181
248,mmarisetty,5,0.08089,2540,41.09367,6181
249,Morgan-Li,5,0.08089,2545,41.17457,6181
250,murillio4,5,0.08089,2550,41.25546,6181
251,niharika1233,5,0.08089,2555,41.33635,6181
252,ntny,5,0.08089,2560,41.41725,6181
253,omgupta-iitk,5,0.08089,2565,41.49814,6181
254,philipp-schmidt,5,0.08089,2570,41.57903,6181
255,phvel01,5,0.08089,2575,41.65993,6181
256,qiaohe,5,0.08089,2580,41.74082,6181
257,raflFaisal,5,0.08089,2585,41.82171,6181
258,rc-networks,5,0.08089,2590,41.90260,6181
259,rkulnazarov,5,0.08089,2595,41.98350,6181
260,RomantsovS,5,0.08089,2600,42.06439,6181
261,samwambach,5,0.08089,2605,42.14528,6181
262,Shaffath,5,0.08089,2610,42.22618,6181
263,simorla,5,0.08089,2615,42.30707,6181
264,siyanshen,5,0.08089,2620,42.38796,6181
265,SweetWuXiaoMei,5,0.08089,2625,42.46886,6181
266,thomasbeaujean,5,0.08089,2630,42.54975,6181
267,thomas-zic,5,0.08089,2635,42.63064,6181
268,torees,5,0.08089,2640,42.71154,6181
269,TrondT,5,0.08089,2645,42.79243,6181
270,trumpzhang,5,0.08089,2650,42.87332,6181
271,ubersol,5,0.08089,2655,42.95421,6181
272,ueli-g,5,0.08089,2660,43.03511,6181
273,Victor-Mestre-Sybo,5,0.08089,2665,43.11600,6181
274,vkuptcov,5,0.08089,2670,43.19689,6181
275,wang2024666,5,0.08089,2675,43.27779,6181
276,wassafshahzad,5,0.08089,2680,43.35868,6181
277,wjqdst,5,0.08089,2685,43.43957,6181
278,xushijie,5,0.08089,2690,43.52047,6181
279,ygenie418,5,0.08089,2695,43.60136,6181
280,younes101020,5,0.08089,2700,43.68225,6181
281,zkonge,5,0.08089,2705,43.76315,6181
282,zoli-opslogic,5,0.08089,2710,43.84404,6181
283,1219354801,4,0.06471,2714,43.90875,6181
284,1996bzy,4,0.06471,2718,43.97347,6181
285,aarrsseni,4,0.06471,2722,44.03818,6181
286,adamk9k,4,0.06471,2726,44.10290,6181
287,adigidh,4,0.06471,2730,44.16761,6181
288,alexnelsone,4,0.06471,2734,44.23232,6181
289,amitmaurya07,4,0.06471,2738,44.29704,6181
290,anant-ca,4,0.06471,2742,44.36175,6181
291,andonima,4,0.06471,2746,44.42647,6181
292,andresrv88,4,0.06471,2750,44.49118,6181
293,Ansh-Sarkar,4,0.06471,2754,44.55590,6181
294,ArjuntheSreekumar,4,0.06471,2758,44.62061,6181
295,bettswang,4,0.06471,2762,44.68533,6181
296,bienblue,4,0.06471,2766,44.75004,6181
297,bishalthapa-t,4,0.06471,2770,44.81475,6181
298,Blessing-Mba,4,0.06471,2774,44.87947,6181
299,caetanev,4,0.06471,2778,44.94418,6181
300,CarmineDeloitte,4,0.06471,2782,45.00890,6181
301,chainchad,4,0.06471,2786,45.07361,6181
302,chiragmalik2612,4,0.06471,2790,45.13833,6181
303,comrumino,4,0.06471,2794,45.20304,6181
304,czephyr,4,0.06471,2798,45.26776,6181
305,d2285,4,0.06471,2802,45.33247,6181
306,dajana212,4,0.06471,2806,45.39718,6181
307,davidcaste,4,0.06471,2810,45.46190,6181
308,devashishRaj,4,0.06471,2814,45.52661,6181
309,devjpt23,4,0.06471,2818,45.59133,6181
310,dev-test-01,4,0.06471,2822,45.65604,6181
311,dhirajlakhane30,4,0.06471,2826,45.72076,6181
312,dopic,4,0.06471,2830,45.78547,6181
313,drackpack,4,0.06471,2834,45.85019,6181
314,duongphuhiep,4,0.06471,2838,45.91490,6181
315,DvoraShechter1,4,0.06471,2842,45.97961,6181
316,ebellani77,4,0.06471,2846,46.04433,6181
317,explsd,4,0.06471,2850,46.10904,6181
318,famibo,4,0.06471,2854,46.17376,6181
319,fanxiangs,4,0.06471,2858,46.23847,6181
320,FedeCaimi333,4,0.06471,2862,46.30319,6181
321,ffuugoo,4,0.06471,2866,46.36790,6181
322,FrankYu-USA,4,0.06471,2870,46.43262,6181
323,gbtec-valerierinke,4,0.06471,2874,46.49733,6181
324,giulioindev,4,0.06471,2878,46.56204,6181
325,gudmundur,4,0.06471,2882,46.62676,6181
326,Hamidasl,4,0.06471,2886,46.69147,6181
327,HellKaiser45,4,0.06471,2890,46.75619,6181
328,hifron,4,0.06471,2894,46.82090,6181
329,Hirutsu,4,0.06471,2898,46.88562,6181
330,ignotas,4,0.06471,2902,46.95033,6181
331,igorfraa,4,0.06471,2906,47.01505,6181
332,inzheneher,4,0.06471,2910,47.07976,6181
333,itsharshitrwt,4,0.06471,2914,47.14448,6181
334,its-mitesh-kumar,4,0.06471,2918,47.20919,6181
335,jaiabbott,4,0.06471,2922,47.27390,6181
336,jhabaa,4,0.06471,2926,47.33862,6181
337,jmeagher,4,0.06471,2930,47.40333,6181
338,jscissr,4,0.06471,2934,47.46805,6181
339,js-nano,4,0.06471,2938,47.53276,6181
340,jtexeira,4,0.06471,2942,47.59748,6181
341,june07,4,0.06471,2946,47.66219,6181
342,kaloyanDEV,4,0.06471,2950,47.72691,6181
343,kiran-m-kannur,4,0.06471,2954,47.79162,6181
344,kplachkov,4,0.06471,2958,47.85633,6181
345,krax13,4,0.06471,2962,47.92105,6181
346,lcndsmr,4,0.06471,2966,47.98576,6181
347,lizidai,4,0.06471,2970,48.05048,6181
348,luisfroliveira,4,0.06471,2974,48.11519,6181
349,luxusv,4,0.06471,2978,48.17991,6181
350,Mactherobot,4,0.06471,2982,48.24462,6181
351,Mariaortizmarquez,4,0.06471,2986,48.30934,6181
352,martino87r,4,0.06471,2990,48.37405,6181
353,mchen610,4,0.06471,2994,48.43876,6181
354,meektechie,4,0.06471,2998,48.50348,6181
355,michaeldavie-amzn,4,0.06471,3002,48.56819,6181
356,nabeelmohamed,4,0.06471,3006,48.63291,6181
357,naumaan123,4,0.06471,3010,48.69762,6181
358,Nearyou46,4,0.06471,3014,48.76234,6181
359,nekr0z,4,0.06471,3018,48.82705,6181
360,netanel-utila,4,0.06471,3022,48.89177,6181
361,nguyentuys,4,0.06471,3026,48.95648,6181
362,nirweb-ir,4,0.06471,3030,49.02119,6181
363,oayras,4,0.06471,3034,49.08591,6181
364,Phithyaratnphithaksmn,4,0.06471,3038,49.15062,6181
365,pierrechristinimsa,4,0.06471,3042,49.21534,6181
366,ProbablePrime,4,0.06471,3046,49.28005,6181
367,q-louismackie,4,0.06471,3050,49.34477,6181
368,ricardoquesadawork,4,0.06471,3054,49.40948,6181
369,rohit-bandlamudi-nr,4,0.06471,3058,49.47420,6181
370,rolflussi,4,0.06471,3062,49.53891,6181
371,RuchiSingh18,4,0.06471,3066,49.60362,6181
372,saeedmohassel,4,0.06471,3070,49.66834,6181
373,sanghng,4,0.06471,3074,49.73305,6181
374,sbussard-inversemetric,4,0.06471,3078,49.79777,6181
375,seraph1103,4,0.06471,3082,49.86248,6181
376,ShadowMaxLeb,4,0.06471,3086,49.92720,6181
377,Shevijacobson,4,0.06471,3090,49.99191,6181
378,shuaigea,4,0.06471,3094,50.05663,6181
379,simonsigre,4,0.06471,3098,50.12134,6181
380,singh-hovr,4,0.06471,3102,50.18605,6181
381,SLASHLogin,4,0.06471,3106,50.25077,6181
382,smanzini,4,0.06471,3110,50.31548,6181
383,snehaio,4,0.06471,3114,50.38020,6181
384,somyabhatia,4,0.06471,3118,50.44491,6181
385,stankudrow,4,0.06471,3122,50.50963,6181
386,Stazis555,4,0.06471,3126,50.57434,6181
387,sumjas,4,0.06471,3130,50.63906,6181
388,thomgun,4,0.06471,3134,50.70377,6181
389,tiago-bortoluzzi,4,0.06471,3138,50.76848,6181
390,TimKochDev,4,0.06471,3142,50.83320,6181
391,toffiebotha,4,0.06471,3146,50.89791,6181
392,tomkillian,4,0.06471,3150,50.96263,6181
393,tomwang57,4,0.06471,3154,51.02734,6181
394,VampireZy,4,0.06471,3158,51.09206,6181
395,VendorAttestation,4,0.06471,3162,51.15677,6181
396,vincent-d,4,0.06471,3166,51.22149,6181
397,vrbgtrhr,4,0.06471,3170,51.28620,6181
398,w21froster,4,0.06471,3174,51.35091,6181
399,Wudadada,4,0.06471,3178,51.41563,6181
400,xinbenlv,4,0.06471,3182,51.48034,6181
401,0126cloud,3,0.04854,3185,51.52888,6181
402,4krajesh,3,0.04854,3188,51.57741,6181
403,71g3pf4c3,3,0.04854,3191,51.62595,6181
404,a-alinichenko,3,0.04854,3194,51.67449,6181
405,aarochuk,3,0.04854,3197,51.72302,6181
406,aashiinmayo,3,0.04854,3200,51.77156,6181
407,adrian-ciobanu-icis,3,0.04854,3203,51.82009,6181
408,ahyar71,3,0.04854,3206,51.86863,6181
409,Akshayp02,3,0.04854,3209,51.91717,6181
410,AlexanderSanin,3,0.04854,3212,51.96570,6181
411,alexblue46,3,0.04854,3215,52.01424,6181
412,alexkuretz,3,0.04854,3218,52.06277,6181
413,a-manraj-pvotal,3,0.04854,3221,52.11131,6181
414,amolai,3,0.04854,3224,52.15984,6181
415,AnastasiiaSvietlova,3,0.04854,3227,52.20838,6181
416,anders-wind,3,0.04854,3230,52.25692,6181
417,andrewgazelka,3,0.04854,3233,52.30545,6181
418,anistark,3,0.04854,3236,52.35399,6181
419,anthonyra,3,0.04854,3239,52.40252,6181
420,AntuanRokanten,3,0.04854,3242,52.45106,6181
421,anyflow,3,0.04854,3245,52.49960,6181
422,AreYouLoco,3,0.04854,3248,52.54813,6181
423,arthur-observe,3,0.04854,3251,52.59667,6181
424,Aryan4884,3,0.04854,3254,52.64520,6181
425,asfalots,3,0.04854,3257,52.69374,6181
426,ashishuppala9490,3,0.04854,3260,52.74227,6181
427,Ashleycodesseo,3,0.04854,3263,52.79081,6181
428,asraralamcg,3,0.04854,3266,52.83935,6181
429,avivlev98,3,0.04854,3269,52.88788,6181
430,aviya-gidan,3,0.04854,3272,52.93642,6181
431,bendudz,3,0.04854,3275,52.98495,6181
432,BijanVeyssi,3,0.04854,3278,53.03349,6181
433,bowdenblair,3,0.04854,3281,53.08203,6181
434,bulmust,3,0.04854,3284,53.13056,6181
435,CeddaerrixGE,3,0.04854,3287,53.17910,6181
436,certainly-cyber,3,0.04854,3290,53.22763,6181
437,chandralekhalella,3,0.04854,3293,53.27617,6181
438,chiomalovet,3,0.04854,3296,53.32470,6181
439,chriskoutr,3,0.04854,3299,53.37324,6181
440,christian7dev,3,0.04854,3302,53.42178,6181
441,cmotley3,3,0.04854,3305,53.47031,6181
442,DarekDan,3,0.04854,3308,53.51885,6181
443,daVidy31,3,0.04854,3311,53.56738,6181
444,dcandu,3,0.04854,3314,53.61592,6181
445,dcoppa,3,0.04854,3317,53.66446,6181
446,denik,3,0.04854,3320,53.71299,6181
447,denppa,3,0.04854,3323,53.76153,6181
448,dhananjay-Byte,3,0.04854,3326,53.81006,6181
449,diegosarina,3,0.04854,3329,53.85860,6181
450,Dimagreg,3,0.04854,3332,53.90713,6181
451,Direktor799,3,0.04854,3335,53.95567,6181
452,divinehawk,3,0.04854,3338,54.00421,6181
453,domenukk,3,0.04854,3341,54.05274,6181
454,Dorcas-BD,3,0.04854,3344,54.10128,6181
455,douggynix,3,0.04854,3347,54.14981,6181
456,DPrakhin,3,0.04854,3350,54.19835,6181
457,dreedyman,3,0.04854,3353,54.24689,6181
458,edgarrmondragon,3,0.04854,3356,54.29542,6181
459,emadellaloggia,3,0.04854,3359,54.34396,6181
460,eric-carlsson,3,0.04854,3362,54.39249,6181
461,ericklasluisa,3,0.04854,3365,54.44103,6181
462,errhama,3,0.04854,3368,54.48956,6181
463,feuxfollets1013,3,0.04854,3371,54.53810,6181
464,FleischerT,3,0.04854,3374,54.58664,6181
465,franvivas,3,0.04854,3377,54.63517,6181
466,Gary-Liang,3,0.04854,3380,54.68371,6181
467,Genio40921,3,0.04854,3383,54.73224,6181
468,gergelysotidm,3,0.04854,3386,54.78078,6181
469,gid-fieldcode,3,0.04854,3389,54.82932,6181
470,gilwong00,3,0.04854,3392,54.87785,6181
471,github-vincent-miszczak,3,0.04854,3395,54.92639,6181
472,gmurayama,3,0.04854,3398,54.97492,6181
473,goodwillstack,3,0.04854,3401,55.02346,6181
474,grnmeira,3,0.04854,3404,55.07199,6181
475,guangyu-yang-rokt,3,0.04854,3407,55.12053,6181
476,gvnc,3,0.04854,3410,55.16907,6181
477,gyupup,3,0.04854,3413,55.21760,6181
478,HaoxinSEU,3,0.04854,3416,55.26614,6181
479,henrytien,3,0.04854,3419,55.31467,6181
480,hhami-newday,3,0.04854,3422,55.36321,6181
481,Hidayathullashaik,3,0.04854,3425,55.41175,6181
482,himaratsu,3,0.04854,3428,55.46028,6181
483,hugoib,3,0.04854,3431,55.50882,6181
484,hustlernik,3,0.04854,3434,55.55735,6181
485,IamJignesh,3,0.04854,3437,55.60589,6181
486,ibhaveshsakpal,3,0.04854,3440,55.65442,6181
487,igpetrov,3,0.04854,3443,55.70296,6181
488,Isioma20,3,0.04854,3446,55.75150,6181
489,isxiaok,3,0.04854,3449,55.80003,6181
490,itaynvn-runai,3,0.04854,3452,55.84857,6181
491,jbaggs62,3,0.04854,3455,55.89710,6181
492,jianyongniu,3,0.04854,3458,55.94564,6181
493,johannespfeiffer,3,0.04854,3461,55.99418,6181
494,John151,3,0.04854,3464,56.04271,6181
495,johnoloughlin,3,0.04854,3467,56.09125,6181
496,johnvan7,3,0.04854,3470,56.13978,6181
497,JonJon-Esto,3,0.04854,3473,56.18832,6181
498,JoseGoncalves,3,0.04854,3476,56.23685,6181
499,junaidaj86,3,0.04854,3479,56.28539,6181
500,jurgis-sipols,3,0.04854,3482,56.33393,6181
501,kaushikmitr,3,0.04854,3485,56.38246,6181
502,kimnh-0823,3,0.04854,3488,56.43100,6181
503,kmontocam,3,0.04854,3491,56.47953,6181
504,knallle,3,0.04854,3494,56.52807,6181
505,kruton,3,0.04854,3497,56.57661,6181
506,kzeroual,3,0.04854,3500,56.62514,6181
507,L040639,3,0.04854,3503,56.67368,6181
508,lapumb-spindance,3,0.04854,3506,56.72221,6181
509,LaraibSaleem,3,0.04854,3509,56.77075,6181
510,LifaPeng,3,0.04854,3512,56.81928,6181
511,lightcheen,3,0.04854,3515,56.86782,6181
512,LinPr,3,0.04854,3518,56.91636,6181
513,LiuSecone,3,0.04854,3521,56.96489,6181
514,LouisLa88,3,0.04854,3524,57.01343,6181
515,lucidph3nx,3,0.04854,3527,57.06196,6181
516,luisnarquel,3,0.04854,3530,57.11050,6181
517,Lukmin1999,3,0.04854,3533,57.15904,6181
518,madsteer,3,0.04854,3536,57.20757,6181
519,mahendrareddy0010,3,0.04854,3539,57.25611,6181
520,Mahoney,3,0.04854,3542,57.30464,6181
521,Manjukb,3,0.04854,3545,57.35318,6181
522,marcklingen,3,0.04854,3548,57.40171,6181
523,Marckman,3,0.04854,3551,57.45025,6181
524,mariusmagureanu,3,0.04854,3554,57.49879,6181
525,martinezlc99,3,0.04854,3557,57.54732,6181
526,Marvelrex,3,0.04854,3560,57.59586,6181
527,marvelshan,3,0.04854,3563,57.64439,6181
528,mategogiberidze,3,0.04854,3566,57.69293,6181
529,Maxberman3,3,0.04854,3569,57.74147,6181
530,mb-stx,3,0.04854,3572,57.79000,6181
531,mengkai514,3,0.04854,3575,57.83854,6181
532,mertcangokgoz,3,0.04854,3578,57.88707,6181
533,mike-carrigan24,3,0.04854,3581,57.93561,6181
534,miteshbsjat,3,0.04854,3584,57.98414,6181
535,mkaliszewski,3,0.04854,3587,58.03268,6181
536,mrkschneider,3,0.04854,3590,58.08122,6181
537,MUSTAFA-A-KHAN,3,0.04854,3593,58.12975,6181
538,myst3k,3,0.04854,3596,58.17829,6181
539,nanugantiep,3,0.04854,3599,58.22682,6181
540,NaveenPrasannaV,3,0.04854,3602,58.27536,6181
541,newtonne,3,0.04854,3605,58.32390,6181
542,nicolasbillamboz-flowbird,3,0.04854,3608,58.37243,6181
543,Nicolazic,3,0.04854,3611,58.42097,6181
544,nicole0707,3,0.04854,3614,58.46950,6181
545,nikitakosatka,3,0.04854,3617,58.51804,6181
546,nitz-uglabs,3,0.04854,3620,58.56657,6181
547,not7cd,3,0.04854,3623,58.61511,6181
548,nullxx,3,0.04854,3626,58.66365,6181
549,oboudet-beetween,3,0.04854,3629,58.71218,6181
550,octotocat,3,0.04854,3632,58.76072,6181
551,ohad1992,3,0.04854,3635,58.80925,6181
552,Orange-Yellow,3,0.04854,3638,58.85779,6181
553,orenstartio,3,0.04854,3641,58.90633,6181
554,orkh-sa10,3,0.04854,3644,58.95486,6181
555,Ostromix,3,0.04854,3647,59.00340,6181
556,owensdj,3,0.04854,3650,59.05193,6181
557,ozendorf,3,0.04854,3653,59.10047,6181
558,parthbulusu,3,0.04854,3656,59.14901,6181
559,PatrykML,3,0.04854,3659,59.19754,6181
560,PaulBujor,3,0.04854,3662,59.24608,6181
561,paulux84,3,0.04854,3665,59.29461,6181
562,Peder2911,3,0.04854,3668,59.34315,6181
563,perpetualintelligencegit,3,0.04854,3671,59.39168,6181
564,pickles-bread-and-butter,3,0.04854,3674,59.44022,6181
565,plachor,3,0.04854,3677,59.48876,6181
566,pmazumda,3,0.04854,3680,59.53729,6181
567,powellnorma,3,0.04854,3683,59.58583,6181
568,Pranish-Pantha,3,0.04854,3686,59.63436,6181
569,pratik-parikh01,3,0.04854,3689,59.68290,6181
570,psla,3,0.04854,3692,59.73144,6181
571,pup-mikegraf,3,0.04854,3695,59.77997,6181
572,quinnovator,3,0.04854,3698,59.82851,6181
573,radekw,3,0.04854,3701,59.87704,6181
574,randomfella2,3,0.04854,3704,59.92558,6181
575,raphaeltm,3,0.04854,3707,59.97411,6181
576,Redjon27,3,0.04854,3710,60.02265,6181
577,rezellme,3,0.04854,3713,60.07119,6181
578,RMinusS,3,0.04854,3716,60.11972,6181
579,rob-sessink,3,0.04854,3719,60.16826,6181
580,rolay,3,0.04854,3722,60.21679,6181
581,romainwg,3,0.04854,3725,60.26533,6181
582,romeroalx,3,0.04854,3728,60.31387,6181
583,rusttech,3,0.04854,3731,60.36240,6181
584,Sachade,3,0.04854,3734,60.41094,6181
585,sagarbendale2004,3,0.04854,3737,60.45947,6181
586,sagarsudo,3,0.04854,3740,60.50801,6181
587,sahil9001,3,0.04854,3743,60.55654,6181
588,sairinraychoudhury,3,0.04854,3746,60.60508,6181
589,SairoUltraman,3,0.04854,3749,60.65362,6181
590,sampathshivakumar,3,0.04854,3752,60.70215,6181
591,sequitor-jon,3,0.04854,3755,60.75069,6181
592,sethsnel,3,0.04854,3758,60.79922,6181
593,sh4n3e,3,0.04854,3761,60.84776,6181
594,shuyu108,3,0.04854,3764,60.89630,6181
595,Sniky17,3,0.04854,3767,60.94483,6181
596,SoftlySplinter,3,0.04854,3770,60.99337,6181
597,soyowind0,3,0.04854,3773,61.04190,6181
598,SpotOnDJ,3,0.04854,3776,61.09044,6181
599,spring-cxz,3,0.04854,3779,61.13897,6181
600,ssurbhi19,3,0.04854,3782,61.18751,6181
601,stefan-korchahin,3,0.04854,3785,61.23605,6181
602,Sunayr,3,0.04854,3788,61.28458,6181
603,SusanGithaigaN,3,0.04854,3791,61.33312,6181
604,tamilselvan1588,3,0.04854,3794,61.38165,6181
605,tejaboppana,3,0.04854,3797,61.43019,6181
606,timvw,3,0.04854,3800,61.47873,6181
607,titolins,3,0.04854,3803,61.52726,6181
608,tko81,3,0.04854,3806,61.57580,6181
609,tobeal,3,0.04854,3809,61.62433,6181
610,ToddMurphy92,3,0.04854,3812,61.67287,6181
611,tomaThomas,3,0.04854,3815,61.72140,6181
612,TomerPacific,3,0.04854,3818,61.76994,6181
613,tosuke,3,0.04854,3821,61.81848,6181
614,tuvia-akeyless,3,0.04854,3824,61.86701,6181
615,Uncurlhalo,3,0.04854,3827,61.91555,6181
616,vaidikcode,3,0.04854,3830,61.96408,6181
617,veldpworld,3,0.04854,3833,62.01262,6181
618,VishalGawade1,3,0.04854,3836,62.06116,6181
619,viveksing,3,0.04854,3839,62.10969,6181
620,Vol1and,3,0.04854,3842,62.15823,6181
621,vthurimella,3,0.04854,3845,62.20676,6181
622,wanGiB,3,0.04854,3848,62.25530,6181
623,webfinesse,3,0.04854,3851,62.30383,6181
624,WilixLead,3,0.04854,3854,62.35237,6181
625,woowagurumee,3,0.04854,3857,62.40091,6181
626,wuast94,3,0.04854,3860,62.44944,6181
627,wxf4150,3,0.04854,3863,62.49798,6181
628,Xdynix,3,0.04854,3866,62.54651,6181
629,xiaohongchen1991,3,0.04854,3869,62.59505,6181
630,yannkistenmacker,3,0.04854,3872,62.64359,6181
631,yeesian,3,0.04854,3875,62.69212,6181
632,yoshivda,3,0.04854,3878,62.74066,6181
633,yurneroma,3,0.04854,3881,62.78919,6181
634,yuvarajgopal,3,0.04854,3884,62.83773,6181
635,Zalfsten,3,0.04854,3887,62.88626,6181
636,zefferno,3,0.04854,3890,62.93480,6181
637,zhwaaaaaa,3,0.04854,3893,62.98334,6181
638,40pyd,2,0.03236,3895,63.01569,6181
639,aabfalterer,2,0.03236,3897,63.04805,6181
640,aakkiiff,2,0.03236,3899,63.08041,6181
641,aaronsteers,2,0.03236,3901,63.11276,6181
642,abhibongale,2,0.03236,3903,63.14512,6181
643,Abhinavrajsrivastav,2,0.03236,3905,63.17748,6181
644,abhishekhugetech,2,0.03236,3907,63.20984,6181
645,ADoggg9,2,0.03236,3909,63.24219,6181
646,adrian-tarau,2,0.03236,3911,63.27455,6181
647,agabriel81,2,0.03236,3913,63.30691,6181
648,Agrament,2,0.03236,3915,63.33927,6181
649,agray-ctm,2,0.03236,3917,63.37162,6181
650,ahmetk3436,2,0.03236,3919,63.40398,6181
651,ajcaldera1,2,0.03236,3921,63.43634,6181
652,akitectio,2,0.03236,3923,63.46869,6181
653,akorchyn,2,0.03236,3925,63.50105,6181
654,alant94,2,0.03236,3927,63.53341,6181
655,AleksFirsta,2,0.03236,3929,63.56577,6181
656,alenawang,2,0.03236,3931,63.59812,6181
657,alexander-magon,2,0.03236,3933,63.63048,6181
658,alexismanin,2,0.03236,3935,63.66284,6181
659,AlfonsoOregoMoreno,2,0.03236,3937,63.69519,6181
660,alg,2,0.03236,3939,63.72755,6181
661,Aljallaf100,2,0.03236,3941,63.75991,6181
662,alvaro-osvaldo-tm,2,0.03236,3943,63.79227,6181
663,AmeOnCoffee,2,0.03236,3945,63.82462,6181
664,AmirHosseinKarimi,2,0.03236,3947,63.85698,6181
665,amitgitz,2,0.03236,3949,63.88934,6181
666,AmTryingMyBest,2,0.03236,3951,63.92170,6181
667,andmeek,2,0.03236,3953,63.95405,6181
668,andpiccione,2,0.03236,3955,63.98641,6181
669,andreyrd,2,0.03236,3957,64.01877,6181
670,andybotting,2,0.03236,3959,64.05112,6181
671,angelodipaolo,2,0.03236,3961,64.08348,6181
672,anitshrestha150,2,0.03236,3963,64.11584,6181
673,arian-press2015,2,0.03236,3965,64.14820,6181
674,arjunbakshi245,2,0.03236,3967,64.18055,6181
675,ArunprakashD,2,0.03236,3969,64.21291,6181
676,Asheklm6,2,0.03236,3971,64.24527,6181
677,asidorochev,2,0.03236,3973,64.27762,6181
678,avanmalleghem,2,0.03236,3975,64.30998,6181
679,AwsmAshraf,2,0.03236,3977,64.34234,6181
680,AYue-94,2,0.03236,3979,64.37470,6181
681,Baegi,2,0.03236,3981,64.40705,6181
682,batk0,2,0.03236,3983,64.43941,6181
683,baxiry,2,0.03236,3985,64.47177,6181
684,bd-bord1,2,0.03236,3987,64.50413,6181
685,Beembeem01,2,0.03236,3989,64.53648,6181
686,bensoer,2,0.03236,3991,64.56884,6181
687,bertoldoklinger,2,0.03236,3993,64.60120,6181
688,bfigueir,2,0.03236,3995,64.63355,6181
689,Bhavesh9908,2,0.03236,3997,64.66591,6181
690,bhavin-kotak,2,0.03236,3999,64.69827,6181
691,bigbenaugust,2,0.03236,4001,64.73063,6181
692,birkaransachdev,2,0.03236,4003,64.76298,6181
693,bitbyt3r,2,0.03236,4005,64.79534,6181
694,bitkill,2,0.03236,4007,64.82770,6181
695,bkonicek-calm,2,0.03236,4009,64.86006,6181
696,blahspam,2,0.03236,4011,64.89241,6181
697,bondehagen,2,0.03236,4013,64.92477,6181
698,bowling233,2,0.03236,4015,64.95713,6181
699,bravurasteve,2,0.03236,4017,64.98948,6181
700,brontolinux,2,0.03236,4019,65.02184,6181
701,brookman1,2,0.03236,4021,65.05420,6181
702,brown-eric,2,0.03236,4023,65.08656,6181
703,brutto,2,0.03236,4025,65.11891,6181
704,bryan-srg,2,0.03236,4027,65.15127,6181
705,buehren,2,0.03236,4029,65.18363,6181
706,BupycHuk,2,0.03236,4031,65.21598,6181
707,bwjoh,2,0.03236,4033,65.24834,6181
708,camalot,2,0.03236,4035,65.28070,6181
709,caoyang1024,2,0.03236,4037,65.31306,6181
710,CarlosRodrigues,2,0.03236,4039,65.34541,6181
711,ccreighton-apptio,2,0.03236,4041,65.37777,6181
712,celinegrn,2,0.03236,4043,65.41013,6181
713,cfbao,2,0.03236,4045,65.44249,6181
714,cgatt,2,0.03236,4047,65.47484,6181
715,chakrii,2,0.03236,4049,65.50720,6181
716,chauhan2000,2,0.03236,4051,65.53956,6181
717,chensam678,2,0.03236,4053,65.57191,6181
718,chiranjeevichiree766,2,0.03236,4055,65.60427,6181
719,Chlor87,2,0.03236,4057,65.63663,6181
720,ChrisMcD1,2,0.03236,4059,65.66899,6181
721,chriswachira,2,0.03236,4061,65.70134,6181
722,chuangjinglu,2,0.03236,4063,65.73370,6181
723,clairtonluz,2,0.03236,4065,65.76606,6181
724,ClaudioAlbertin,2,0.03236,4067,65.79841,6181
725,clyra,2,0.03236,4069,65.83077,6181
726,cnshadzh,2,0.03236,4071,65.86313,6181
727,coding-gecko,2,0.03236,4073,65.89549,6181
728,Comfyydev,2,0.03236,4075,65.92784,6181
729,compdude22,2,0.03236,4077,65.96020,6181
730,cosmeowpawlitan,2,0.03236,4079,65.99256,6181
731,critchtionary,2,0.03236,4081,66.02492,6181
732,cvetkovv,2,0.03236,4083,66.05727,6181
733,dalarsen,2,0.03236,4085,66.08963,6181
734,Dam63,2,0.03236,4087,66.12199,6181
735,danielheimburg,2,0.03236,4089,66.15434,6181
736,DanPartelly,2,0.03236,4091,66.18670,6181
737,DanRidgway,2,0.03236,4093,66.21906,6181
738,dbagarozza,2,0.03236,4095,66.25142,6181
739,deathwebo,2,0.03236,4097,66.28377,6181
740,define-null,2,0.03236,4099,66.31613,6181
741,dennisbalsam99,2,0.03236,4101,66.34849,6181
742,detached,2,0.03236,4103,66.38084,6181
743,dev-with-no-username,2,0.03236,4105,66.41320,6181
744,dhowell2000,2,0.03236,4107,66.44556,6181
745,dipaksawle,2,0.03236,4109,66.47792,6181
746,djw-bsn,2,0.03236,4111,66.51027,6181
747,dmeetreey,2,0.03236,4113,66.54263,6181
748,DoctorVin,2,0.03236,4115,66.57499,6181
749,Donovan-Porter,2,0.03236,4117,66.60735,6181
750,douglasqsantosaudibene,2,0.03236,4119,66.63970,6181
751,DraegoG,2,0.03236,4121,66.67206,6181
752,drice,2,0.03236,4123,66.70442,6181
753,duckhue01,2,0.03236,4125,66.73677,6181
754,dullbenz,2,0.03236,4127,66.76913,6181
755,eduaquiles,2,0.03236,4129,66.80149,6181
756,egahlin,2,0.03236,4131,66.83385,6181
757,epark001,2,0.03236,4133,66.86620,6181
758,eshikhov,2,0.03236,4135,66.89856,6181
759,EstyBiton,2,0.03236,4137,66.93092,6181
760,evertonlsouza,2,0.03236,4139,66.96327,6181
761,evil116,2,0.03236,4141,66.99563,6181
762,fabiolsrodrigues,2,0.03236,4143,67.02799,6181
763,fabmaiad,2,0.03236,4145,67.06035,6181
764,faizan002,2,0.03236,4147,67.09270,6181
765,FAshik,2,0.03236,4149,67.12506,6181
766,fchastanet,2,0.03236,4151,67.15742,6181
767,Ferrany1,2,0.03236,4153,67.18978,6181
768,fmichea,2,0.03236,4155,67.22213,6181
769,fmirandapagarme,2,0.03236,4157,67.25449,6181
770,fran-ixo,2,0.03236,4159,67.28685,6181
771,fullstackdeveloperw3,2,0.03236,4161,67.31920,6181
772,geechorama,2,0.03236,4163,67.35156,6181
773,geotry,2,0.03236,4165,67.38392,6181
774,gepbird,2,0.03236,4167,67.41628,6181
775,gerbenluimes,2,0.03236,4169,67.44863,6181
776,Gheorghita,2,0.03236,4171,67.48099,6181
777,ghmulti,2,0.03236,4173,67.51335,6181
778,gitzhou-sin,2,0.03236,4175,67.54570,6181
779,GMorris-professional,2,0.03236,4177,67.57806,6181
780,GrzegorzDrozd,2,0.03236,4179,67.61042,6181
781,G-Tarik,2,0.03236,4181,67.64278,6181
782,hallowsman,2,0.03236,4183,67.67513,6181
783,haritzsaiz,2,0.03236,4185,67.70749,6181
784,hatchetation,2,0.03236,4187,67.73985,6181
785,Heatherchan2,2,0.03236,4189,67.77221,6181
786,hemnath83,2,0.03236,4191,67.80456,6181
787,HenriNext,2,0.03236,4193,67.83692,6181
788,HimanshiNagpal02,2,0.03236,4195,67.86928,6181
789,hLanceNuro,2,0.03236,4197,67.90163,6181
790,horba89,2,0.03236,4199,67.93399,6181
791,huangtc-github,2,0.03236,4201,67.96635,6181
792,hydrargyrum,2,0.03236,4203,67.99871,6181
793,icdemo,2,0.03236,4205,68.03106,6181
794,IdlePhysicist,2,0.03236,4207,68.06342,6181
795,IgorMamushin,2,0.03236,4209,68.09578,6181
796,ijavaofkid,2,0.03236,4211,68.12813,6181
797,ImSingee,2,0.03236,4213,68.16049,6181
798,Indigonine,2,0.03236,4215,68.19285,6181
799,ioparaskev,2,0.03236,4217,68.22521,6181
800,ja9-look,2,0.03236,4219,68.25756,6181
801,Jaghar,2,0.03236,4221,68.28992,6181
802,jamescjchan,2,0.03236,4223,68.32228,6181
803,jameszhou02,2,0.03236,4225,68.35464,6181
804,jani888,2,0.03236,4227,68.38699,6181
805,jasseur2017,2,0.03236,4229,68.41935,6181
806,jayminmodi8,2,0.03236,4231,68.45171,6181
807,jaytulshian1301,2,0.03236,4233,68.48406,6181
808,jcalderita,2,0.03236,4235,68.51642,6181
809,jcreek,2,0.03236,4237,68.54878,6181
810,jdafda,2,0.03236,4239,68.58114,6181
811,JessicaGarson,2,0.03236,4241,68.61349,6181
812,jfalkenstein,2,0.03236,4243,68.64585,6181
813,jhdm,2,0.03236,4245,68.67821,6181
814,Jils31,2,0.03236,4247,68.71056,6181
815,jimmyca15,2,0.03236,4249,68.74292,6181
816,jinglinliang,2,0.03236,4251,68.77528,6181
817,jk05,2,0.03236,4253,68.80764,6181
818,jm20122012,2,0.03236,4255,68.83999,6181
819,joeferner,2,0.03236,4257,68.87235,6181
820,joelmarty,2,0.03236,4259,68.90471,6181
821,joergbaier,2,0.03236,4261,68.93707,6181
822,joffrey-bion,2,0.03236,4263,68.96942,6181
823,johnnydacosta,2,0.03236,4265,69.00178,6181
824,johnnystemys,2,0.03236,4267,69.03414,6181
825,johnvlittle,2,0.03236,4269,69.06649,6181
826,jonefmc,2,0.03236,4271,69.09885,6181
827,JorgeSanchez-ENC,2,0.03236,4273,69.13121,6181
828,JSamir,2,0.03236,4275,69.16357,6181
829,jueklu,2,0.03236,4277,69.19592,6181
830,julian1270,2,0.03236,4279,69.22828,6181
831,just-ero,2,0.03236,4281,69.26064,6181
832,justin0u0,2,0.03236,4283,69.29299,6181
833,JustinLawrenceMS,2,0.03236,4285,69.32535,6181
834,kanumalivad,2,0.03236,4287,69.35771,6181
835,karloscarrijozup,2,0.03236,4289,69.39007,6181
836,kazheng,2,0.03236,4291,69.42242,6181
837,kejatura-dev,2,0.03236,4293,69.45478,6181
838,kemsguy7,2,0.03236,4295,69.48714,6181
839,kendalharland,2,0.03236,4297,69.51950,6181
840,kenudeh,2,0.03236,4299,69.55185,6181
841,kevalsabhani,2,0.03236,4301,69.58421,6181
842,kimlr,2,0.03236,4303,69.61657,6181
843,kivanc57,2,0.03236,4305,69.64892,6181
844,Knightly8889,2,0.03236,4307,69.68128,6181
845,koizumi7010,2,0.03236,4309,69.71364,6181
846,kon-foo,2,0.03236,4311,69.74600,6181
847,KrisF-Midnight,2,0.03236,4313,69.77835,6181
848,krkjack,2,0.03236,4315,69.81071,6181
849,krpatter-intc,2,0.03236,4317,69.84307,6181
850,ladyami,2,0.03236,4319,69.87542,6181
851,lah-wag,2,0.03236,4321,69.90778,6181
852,LangXianOne,2,0.03236,4323,69.94014,6181
853,lapnd,2,0.03236,4325,69.97250,6181
854,larwef,2,0.03236,4327,70.00485,6181
855,lastrix,2,0.03236,4329,70.03721,6181
856,leandrok,2,0.03236,4331,70.06957,6181
857,leonarhv,2,0.03236,4333,70.10193,6181
858,lesiak,2,0.03236,4335,70.13428,6181
859,lifayt,2,0.03236,4337,70.16664,6181
860,Lindemberg-Chagas,2,0.03236,4339,70.19900,6181
861,liuyan0822-ly,2,0.03236,4341,70.23135,6181
862,lloydsmithjr03,2,0.03236,4343,70.26371,6181
863,locomundo,2,0.03236,4345,70.29607,6181
864,Lokak07,2,0.03236,4347,70.32843,6181
865,lomobot,2,0.03236,4349,70.36078,6181
866,lteodoroaveva,2,0.03236,4351,70.39314,6181
867,lucd077,2,0.03236,4353,70.42550,6181
868,lupul-cel-bun,2,0.03236,4355,70.45785,6181
869,lyokato,2,0.03236,4357,70.49021,6181
870,macolby42,2,0.03236,4359,70.52257,6181
871,MadhusudanItorix,2,0.03236,4361,70.55493,6181
872,mahbabu,2,0.03236,4363,70.58728,6181
873,manikandan231280,2,0.03236,4365,70.61964,6181
874,manway331,2,0.03236,4367,70.65200,6181
875,maxswjeon,2,0.03236,4369,70.68436,6181
876,mchen391,2,0.03236,4371,70.71671,6181
877,meatuses,2,0.03236,4373,70.74907,6181
878,mega-alex,2,0.03236,4375,70.78143,6181
879,megalucio,2,0.03236,4377,70.81378,6181
880,MehdiMst00,2,0.03236,4379,70.84614,6181
881,MercyCherop,2,0.03236,4381,70.87850,6181
882,Merveille-Louange,2,0.03236,4383,70.91086,6181
883,michel-laterman,2,0.03236,4385,70.94321,6181
884,MidhunSaiReddy03,2,0.03236,4387,70.97557,6181
885,MikeeAndrew,2,0.03236,4389,71.00793,6181
886,milanahrae,2,0.03236,4391,71.04028,6181
887,MingYuanTomas,2,0.03236,4393,71.07264,6181
888,Mirko-Weiler,2,0.03236,4395,71.10500,6181
889,Mitrok-Bit,2,0.03236,4397,71.13736,6181
890,Mjb141,2,0.03236,4399,71.16971,6181
891,mladjan-gadzic,2,0.03236,4401,71.20207,6181
892,moefarag1,2,0.03236,4403,71.23443,6181
893,MohamedYassineBenomar,2,0.03236,4405,71.26679,6181
894,mostfunkyduck,2,0.03236,4407,71.29914,6181
895,mrshappy0,2,0.03236,4409,71.33150,6181
896,msoltysik,2,0.03236,4411,71.36386,6181
897,mspinassi-medallia,2,0.03236,4413,71.39621,6181
898,Muhammad-Irfan324,2,0.03236,4415,71.42857,6181
899,mvanduijker,2,0.03236,4417,71.46093,6181
900,nasseredine,2,0.03236,4419,71.49329,6181
901,nicdard,2,0.03236,4421,71.52564,6181
902,nickheyer,2,0.03236,4423,71.55800,6181
903,niks3089,2,0.03236,4425,71.59036,6181
904,nirajanpdl,2,0.03236,4427,71.62271,6181
905,nm723,2,0.03236,4429,71.65507,6181
906,nmirasch,2,0.03236,4431,71.68743,6181
907,NobelNerdBenne,2,0.03236,4433,71.71979,6181
908,nogazax,2,0.03236,4435,71.75214,6181
909,NpmStart2,2,0.03236,4437,71.78450,6181
910,nsotirakos,2,0.03236,4439,71.81686,6181
911,nyaaao,2,0.03236,4441,71.84922,6181
912,nyobe,2,0.03236,4443,71.88157,6181
913,nyxsr,2,0.03236,4445,71.91393,6181
914,ojomio,2,0.03236,4447,71.94629,6181
915,Oluchi-gift,2,0.03236,4449,71.97864,6181
916,Om7771,2,0.03236,4451,72.01100,6181
917,OmarAmeen01,2,0.03236,4453,72.04336,6181
918,ooye-sanket,2,0.03236,4455,72.07572,6181
919,orcunuso,2,0.03236,4457,72.10807,6181
920,oscarshaitan,2,0.03236,4459,72.14043,6181
921,padhr2810,2,0.03236,4461,72.17279,6181
922,pankalog,2,0.03236,4463,72.20514,6181
923,Park-Jiyeonn,2,0.03236,4465,72.23750,6181
924,Philip-A-Fry,2,0.03236,4467,72.26986,6181
925,pietrogoddibit2win,2,0.03236,4469,72.30222,6181
926,pinpolhoxx,2,0.03236,4471,72.33457,6181
927,pjsharath28,2,0.03236,4473,72.36693,6181
928,pkramme,2,0.03236,4475,72.39929,6181
929,PlugaruT,2,0.03236,4477,72.43165,6181
930,pR0Ps,2,0.03236,4479,72.46400,6181
931,PranavBhatSF,2,0.03236,4481,72.49636,6181
932,priyanshikhetwani,2,0.03236,4483,72.52872,6181
933,Prometheus-collab,2,0.03236,4485,72.56107,6181
934,psemphie,2,0.03236,4487,72.59343,6181
935,psychiatrichwj,2,0.03236,4489,72.62579,6181
936,pwitkiewicz,2,0.03236,4491,72.65815,6181
937,pwwang,2,0.03236,4493,72.69050,6181
938,pzhp,2,0.03236,4495,72.72286,6181
939,pzsette,2,0.03236,4497,72.75522,6181
940,r0bb10,2,0.03236,4499,72.78757,6181
941,raa0x0,2,0.03236,4501,72.81993,6181
942,radar,2,0.03236,4503,72.85229,6181
943,Ragavendran-Venkataraman,2,0.03236,4505,72.88465,6181
944,Raghul-M,2,0.03236,4507,72.91700,6181
945,RajathKP,2,0.03236,4509,72.94936,6181
946,RashikaKarki,2,0.03236,4511,72.98172,6181
947,rasmuscc,2,0.03236,4513,73.01408,6181
948,reematcs,2,0.03236,4515,73.04643,6181
949,renanay,2,0.03236,4517,73.07879,6181
950,rgcosma,2,0.03236,4519,73.11115,6181
951,rickFanta,2,0.03236,4521,73.14350,6181
952,RicMackie,2,0.03236,4523,73.17586,6181
953,rjangelov,2,0.03236,4525,73.20822,6181
954,rjcoulter22,2,0.03236,4527,73.24058,6181
955,rk4827,2,0.03236,4529,73.27293,6181
956,rmadams2,2,0.03236,4531,73.30529,6181
957,rodrigoasf9,2,0.03236,4533,73.33765,6181
958,Roel84,2,0.03236,4535,73.37000,6181
959,rohan-changejar,2,0.03236,4537,73.40236,6181
960,Romain-Geissler,2,0.03236,4539,73.43472,6181
961,ronaksingh27,2,0.03236,4541,73.46708,6181
962,rosenante-aimee,2,0.03236,4543,73.49943,6181
963,rowieg,2,0.03236,4545,73.53179,6181
964,RuParker,2,0.03236,4547,73.56415,6181
965,s4j4d,2,0.03236,4549,73.59651,6181
966,s4nchez,2,0.03236,4551,73.62886,6181
967,s4ndalHat,2,0.03236,4553,73.66122,6181
968,salvatorecasalino,2,0.03236,4555,73.69358,6181
969,samyvenkat,2,0.03236,4557,73.72593,6181
970,sapiendummy,2,0.03236,4559,73.75829,6181
971,Sapr0,2,0.03236,4561,73.79065,6181
972,saqibjang,2,0.03236,4563,73.82301,6181
973,SaunakNandi,2,0.03236,4565,73.85536,6181
974,sbarissonmez,2,0.03236,4567,73.88772,6181
975,sbhadr,2,0.03236,4569,73.92008,6181
976,sebastianjohnk,2,0.03236,4571,73.95243,6181
977,shahzeena01,2,0.03236,4573,73.98479,6181
978,ShivanshiDhawan,2,0.03236,4575,74.01715,6181
979,shivvinaykanswal,2,0.03236,4577,74.04951,6181
980,shodanwashere,2,0.03236,4579,74.08186,6181
981,shravankumar-12,2,0.03236,4581,74.11422,6181
982,SimonAuger,2,0.03236,4583,74.14658,6181
983,simonesciarrati-rf,2,0.03236,4585,74.17894,6181
984,SIMULATAN,2,0.03236,4587,74.21129,6181
985,SinnoLn,2,0.03236,4589,74.24365,6181
986,sjinks,2,0.03236,4591,74.27601,6181
987,skliarie,2,0.03236,4593,74.30836,6181
988,sky0walker99,2,0.03236,4595,74.34072,6181
989,smvdn,2,0.03236,4597,74.37308,6181
990,SoldierFace,2,0.03236,4599,74.40544,6181
991,sOnU1002,2,0.03236,4601,74.43779,6181
992,SoTrxII,2,0.03236,4603,74.47015,6181
993,springerigor,2,0.03236,4605,74.50251,6181
994,sree42111,2,0.03236,4607,74.53486,6181
995,StephaneChatty,2,0.03236,4609,74.56722,6181
996,stias,2,0.03236,4611,74.59958,6181
997,sumanth-manchala,2,0.03236,4613,74.63194,6181
998,Tarmander,2,0.03236,4615,74.66429,6181
999,Tarzan-07,2,0.03236,4617,74.69665,6181
1000,tbansod2018,2,0.03236,4619,74.72901,6181
1001,tblaisot,2,0.03236,4621,74.76137,6181
1002,tclarke13,2,0.03236,4623,74.79372,6181
1003,thatcort,2,0.03236,4625,74.82608,6181
1004,Theghost256,2,0.03236,4627,74.85844,6181
1005,Theta-Dev,2,0.03236,4629,74.89079,6181
1006,tmcw,2,0.03236,4631,74.92315,6181
1007,tmull360,2,0.03236,4633,74.95551,6181
1008,tomaskralik,2,0.03236,4635,74.98787,6181
1009,TowneMi,2,0.03236,4637,75.02022,6181
1010,travi,2,0.03236,4639,75.05258,6181
1011,trois-six,2,0.03236,4641,75.08494,6181
1012,tsujie,2,0.03236,4643,75.11729,6181
1013,tverbeiren,2,0.03236,4645,75.14965,6181
1014,UBaggeler,2,0.03236,4647,75.18201,6181
1015,UntriexTv,2,0.03236,4649,75.21437,6181
1016,V2arK,2,0.03236,4651,75.24672,6181
1017,vadimalekseev,2,0.03236,4653,75.27908,6181
1018,valdirjunior011,2,0.03236,4655,75.31144,6181
1019,vamsinm,2,0.03236,4657,75.34380,6181
1020,varada-sunanda-ibm,2,0.03236,4659,75.37615,6181
1021,vashian,2,0.03236,4661,75.40851,6181
1022,veludcx,2,0.03236,4663,75.44087,6181
1023,vidyadharamurthy,2,0.03236,4665,75.47322,6181
1024,VikashLNU,2,0.03236,4667,75.50558,6181
1025,viktordaniel,2,0.03236,4669,75.53794,6181
1026,vinkovsky,2,0.03236,4671,75.57030,6181
1027,vivek-singh-rathore,2,0.03236,4673,75.60265,6181
1028,viviaiyc,2,0.03236,4675,75.63501,6181
1029,vkotkar,2,0.03236,4677,75.66737,6181
1030,Vngubbi,2,0.03236,4679,75.69972,6181
1031,void-hr,2,0.03236,4681,75.73208,6181
1032,vshulkin,2,0.03236,4683,75.76444,6181
1033,vsolomasov,2,0.03236,4685,75.79680,6181
1034,wangsq,2,0.03236,4687,75.82915,6181
1035,webdawg,2,0.03236,4689,75.86151,6181
1036,Webgardener,2,0.03236,4691,75.89387,6181
1037,wenshi01,2,0.03236,4693,75.92623,6181
1038,wiika,2,0.03236,4695,75.95858,6181
1039,WillDeploy1984,2,0.03236,4697,75.99094,6181
1040,willprice-oracle,2,0.03236,4699,76.02330,6181
1041,wschomburg,2,0.03236,4701,76.05565,6181
1042,wswsmao,2,0.03236,4703,76.08801,6181
1043,xfab-ryan,2,0.03236,4705,76.12037,6181
1044,xyzyng,2,0.03236,4707,76.15273,6181
1045,yabedalqader,2,0.03236,4709,76.18508,6181
1046,yandingyuan,2,0.03236,4711,76.21744,6181
1047,yashi-hub,2,0.03236,4713,76.24980,6181
1048,yb-yu,2,0.03236,4715,76.28215,6181
1049,yinxulai,2,0.03236,4717,76.31451,6181
1050,yomaytk,2,0.03236,4719,76.34687,6181
1051,ypopivniak-cg,2,0.03236,4721,76.37923,6181
1052,yxl,2,0.03236,4723,76.41158,6181
1053,ZePirateDude,2,0.03236,4725,76.44394,6181
1054,zhangconan,2,0.03236,4727,76.47630,6181
1055,ziadhany,2,0.03236,4729,76.50866,6181
1056,zogot,2,0.03236,4731,76.54101,6181
1057,zsafder,2,0.03236,4733,76.57337,6181
1058,Zysberg,2,0.03236,4735,76.60573,6181
1059,12ushan,1,0.01618,4736,76.62191,6181
1060,1412335,1,0.01618,4737,76.63808,6181
1061,141AQUA-xzy,1,0.01618,4738,76.65426,6181
1062,15003476628,1,0.01618,4739,76.67044,6181
1063,1k-off,1,0.01618,4740,76.68662,6181
1064,459below,1,0.01618,4741,76.70280,6181
1065,4t145,1,0.01618,4742,76.71898,6181
1066,564194070,1,0.01618,4743,76.73516,6181
1067,5w3w,1,0.01618,4744,76.75133,6181
1068,6rendon,1,0.01618,4745,76.76751,6181
1069,a8848504,1,0.01618,4746,76.78369,6181
1070,aadi-shopify,1,0.01618,4747,76.79987,6181
1071,aagumin,1,0.01618,4748,76.81605,6181
1072,aanchalm01,1,0.01618,4749,76.83223,6181
1073,Aaron-von-Awesome,1,0.01618,4750,76.84841,6181
1074,aayushb2004,1,0.01618,4751,76.86459,6181
1075,abalestrini,1,0.01618,4752,76.88076,6181
1076,abaoai,1,0.01618,4753,76.89694,6181
1077,abdallah-rashwan,1,0.01618,4754,76.91312,6181
1078,abdelwahhab-s,1,0.01618,4755,76.92930,6181
1079,Abhay-hack,1,0.01618,4756,76.94548,6181
1080,abhiraj2,1,0.01618,4757,76.96166,6181
1081,Abhish2702,1,0.01618,4758,76.97784,6181
1082,abhisharma9876,1,0.01618,4759,76.99401,6181
1083,Abhishek199910,1,0.01618,4760,77.01019,6181
1084,abhishekujjain,1,0.01618,4761,77.02637,6181
1085,abnvanand,1,0.01618,4762,77.04255,6181
1086,aboucham,1,0.01618,4763,77.05873,6181
1087,abramsba,1,0.01618,4764,77.07491,6181
1088,abraxxa,1,0.01618,4765,77.09109,6181
1089,acanovi,1,0.01618,4766,77.10726,6181
1090,adamtrilling,1,0.01618,4767,77.12344,6181
1091,Adebolaoyiye,1,0.01618,4768,77.13962,6181
1092,adestis-lk,1,0.01618,4769,77.15580,6181
1093,adinst,1,0.01618,4770,77.17198,6181
1094,Aditi-908,1,0.01618,4771,77.18816,6181
1095,aditi-sharma-1,1,0.01618,4772,77.20434,6181
1096,aeppling,1,0.01618,4773,77.22051,6181
1097,aescaler-raft,1,0.01618,4774,77.23669,6181
1098,afgarcia86,1,0.01618,4775,77.25287,6181
1099,agarciarsu,1,0.01618,4776,77.26905,6181
1100,AgentK9,1,0.01618,4777,77.28523,6181
1101,aggronmagi,1,0.01618,4778,77.30141,6181
1102,agrawalamit31,1,0.01618,4779,77.31759,6181
1103,AhmedMannai10,1,0.01618,4780,77.33376,6181
1104,aibara-shinji-b4e,1,0.01618,4781,77.34994,6181
1105,Aimp91,1,0.01618,4782,77.36612,6181
1106,Aishpatil1,1,0.01618,4783,77.38230,6181
1107,ajit97singh,1,0.01618,4784,77.39848,6181
1108,ajouve-atih,1,0.01618,4785,77.41466,6181
1109,ak15,1,0.01618,4786,77.43084,6181
1110,aka-bisht,1,0.01618,4787,77.44702,6181
1111,akat-sukii,1,0.01618,4788,77.46319,6181
1112,Akhil1998Joshi,1,0.01618,4789,77.47937,6181
1113,AKhozya,1,0.01618,4790,77.49555,6181
1114,aklemp,1,0.01618,4791,77.51173,6181
1115,akoyl,1,0.01618,4792,77.52791,6181
1116,AkshatRamanathan,1,0.01618,4793,77.54409,6181
1117,aktikandeuisa,1,0.01618,4794,77.56027,6181
1118,Aladex,1,0.01618,4795,77.57644,6181
1119,AlainDeleglise,1,0.01618,4796,77.59262,6181
1120,albertferras-vrf,1,0.01618,4797,77.60880,6181
1121,albertojnk,1,0.01618,4798,77.62498,6181
1122,aldosr,1,0.01618,4799,77.64116,6181
1123,Aleksandr-Fomenko,1,0.01618,4800,77.65734,6181
1124,aleksf-awx,1,0.01618,4801,77.67352,6181
1125,aleroldan156,1,0.01618,4802,77.68969,6181
1126,AlexanderDotH,1,0.01618,4803,77.70587,6181
1127,AlexanderSysoiev,1,0.01618,4804,77.72205,6181
1128,alexandertuna,1,0.01618,4805,77.73823,6181
1129,alexandre-hallaine,1,0.01618,4806,77.75441,6181
1130,Alexandre-Ramtoula,1,0.01618,4807,77.77059,6181
1131,alexcardell,1,0.01618,4808,77.78677,6181
1132,alexciouca,1,0.01618,4809,77.80294,6181
1133,alexeden,1,0.01618,4810,77.81912,6181
1134,alex-enchi,1,0.01618,4811,77.83530,6181
1135,alexeynl,1,0.01618,4812,77.85148,6181
1136,alexpotv,1,0.01618,4813,77.86766,6181
1137,alexshmmy,1,0.01618,4814,77.88384,6181
1138,alexylew,1,0.01618,4815,77.90002,6181
1139,AlfonsoUceda,1,0.01618,4816,77.91619,6181
1140,alfredjung,1,0.01618,4817,77.93237,6181
1141,aliaksxssv,1,0.01618,4818,77.94855,6181
1142,alistair,1,0.01618,4819,77.96473,6181
1143,ali-whizz,1,0.01618,4820,77.98091,6181
1144,allistergg,1,0.01618,4821,77.99709,6181
1145,allthatjazzleo,1,0.01618,4822,78.01327,6181
1146,Aloento,1,0.01618,4823,78.02945,6181
1147,alongwill,1,0.01618,4824,78.04562,6181
1148,alphachart,1,0.01618,4825,78.06180,6181
1149,alpine-algo,1,0.01618,4826,78.07798,6181
1150,alsdevelopment,1,0.01618,4827,78.09416,6181
1151,alta404,1,0.01618,4828,78.11034,6181
1152,aluthra-37,1,0.01618,4829,78.12652,6181
1153,alvin,1,0.01618,4830,78.14270,6181
1154,alvinward-dyedurham,1,0.01618,4831,78.15887,6181
1155,AlvynStander,1,0.01618,4832,78.17505,6181
1156,alwalker,1,0.01618,4833,78.19123,6181
1157,amandilpp,1,0.01618,4834,78.20741,6181
1158,amber-liu-amzn,1,0.01618,4835,78.22359,6181
1159,amelendezunilu,1,0.01618,4836,78.23977,6181
1160,amelie1842,1,0.01618,4837,78.25595,6181
1161,amir4895,1,0.01618,4838,78.27212,6181
1162,amulya-mallidi,1,0.01618,4839,78.28830,6181
1163,AmusedWaffle,1,0.01618,4840,78.30448,6181
1164,ana-cafemedia,1,0.01618,4841,78.32066,6181
1165,anadinema,1,0.01618,4842,78.33684,6181
1166,anaisasamaniego,1,0.01618,4843,78.35302,6181
1167,anamelahi,1,0.01618,4844,78.36920,6181
1168,anaser-fts,1,0.01618,4845,78.38537,6181
1169,andigiseg,1,0.01618,4846,78.40155,6181
1170,AndreaFuzz,1,0.01618,4847,78.41773,6181
1171,AndresPrez,1,0.01618,4848,78.43391,6181
1172,andretibolaintelipost,1,0.01618,4849,78.45009,6181
1173,Andrez092,1,0.01618,4850,78.46627,6181
1174,AndualemUtula,1,0.01618,4851,78.48245,6181
1175,andy971022,1,0.01618,4852,78.49862,6181
1176,andy-fong,1,0.01618,4853,78.51480,6181
1177,angelh-kr,1,0.01618,4854,78.53098,6181
1178,angelov-g,1,0.01618,4855,78.54716,6181
1179,angle319,1,0.01618,4856,78.56334,6181
1180,anilaws,1,0.01618,4857,78.57952,6181
1181,anilkpo,1,0.01618,4858,78.59570,6181
1182,anime-shed,1,0.01618,4859,78.61188,6181
1183,Anju023,1,0.01618,4860,78.62805,6181
1184,ankitggits,1,0.01618,4861,78.64423,6181
1185,anthonyjacquelin,1,0.01618,4862,78.66041,6181
1186,antmatts,1,0.01618,4863,78.67659,6181
1187,AnushkaShreyam,1,0.01618,4864,78.69277,6181
1188,AnusreeV1,1,0.01618,4865,78.70895,6181
1189,anzinchenko89,1,0.01618,4866,78.72513,6181
1190,ap0phi5,1,0.01618,4867,78.74130,6181
1191,aparra,1,0.01618,4868,78.75748,6181
1192,apuatcfbd,1,0.01618,4869,78.77366,6181
1193,aqiao,1,0.01618,4870,78.78984,6181
1194,ARAldhafeeri,1,0.01618,4871,78.80602,6181
1195,ArchitektDieWelt,1,0.01618,4872,78.82220,6181
1196,arctic-beep,1,0.01618,4873,78.83838,6181
1197,arditbraha,1,0.01618,4874,78.85455,6181
1198,AreebSarvat,1,0.01618,4875,78.87073,6181
1199,ariddlestone,1,0.01618,4876,78.88691,6181
1200,Aries210,1,0.01618,4877,78.90309,6181
1201,ArjitGopher,1,0.01618,4878,78.91927,6181
1202,arkinmodi,1,0.01618,4879,78.93545,6181
1203,armendkadrija,1,0.01618,4880,78.95163,6181
1204,ArnavPawar,1,0.01618,4881,78.96780,6181
1205,Arogbonlo,1,0.01618,4882,78.98398,6181
1206,ArquitetoMovel,1,0.01618,4883,79.00016,6181
1207,arshadd-b,1,0.01618,4884,79.01634,6181
1208,ArtakG,1,0.01618,4885,79.03252,6181
1209,artpaym,1,0.01618,4886,79.04870,6181
1210,arttet,1,0.01618,4887,79.06488,6181
1211,Arturron,1,0.01618,4888,79.08105,6181
1212,arubino,1,0.01618,4889,79.09723,6181
1213,AryanP45,1,0.01618,4890,79.11341,6181
1214,aryehlev,1,0.01618,4891,79.12959,6181
1215,asamiami,1,0.01618,4892,79.14577,6181
1216,asdfgdfgas,1,0.01618,4893,79.16195,6181
1217,asenawritescode,1,0.01618,4894,79.17813,6181
1218,Ashok13193,1,0.01618,4895,79.19431,6181
1219,AshrayDey,1,0.01618,4896,79.21048,6181
1220,ashu18683,1,0.01618,4897,79.22666,6181
1221,ashwinimiri,1,0.01618,4898,79.24284,6181
1222,asyafoek,1,0.01618,4899,79.25902,6181
1223,aubernknight,1,0.01618,4900,79.27520,6181
1224,autotrader-chris,1,0.01618,4901,79.29138,6181
1225,avandecreme,1,0.01618,4902,79.30756,6181
1226,avdev4j,1,0.01618,4903,79.32373,6181
1227,aviavissar,1,0.01618,4904,79.33991,6181
1228,avinmaster,1,0.01618,4905,79.35609,6181
1229,awakair,1,0.01618,4906,79.37227,6181
1230,Axinfinity,1,0.01618,4907,79.38845,6181
1231,ayu-devtron,1,0.01618,4908,79.40463,6181
1232,Ayyoub-Kasmi,1,0.01618,4909,79.42081,6181
1233,azoyan,1,0.01618,4910,79.43698,6181
1234,BackSlasher,1,0.01618,4911,79.45316,6181
1235,bahybintang,1,0.01618,4912,79.46934,6181
1236,barryguvenkaya,1,0.01618,4913,79.48552,6181
1237,bartmeuris,1,0.01618,4914,79.50170,6181
1238,BartyBoi1128,1,0.01618,4915,79.51788,6181
1239,bboutier,1,0.01618,4916,79.53406,6181
1240,bchemsed1,1,0.01618,4917,79.55023,6181
1241,bdoyle0182,1,0.01618,4918,79.56641,6181
1242,bedirhangull,1,0.01618,4919,79.58259,6181
1243,bender92,1,0.01618,4920,79.59877,6181
1244,benniwiit,1,0.01618,4921,79.61495,6181
1245,benoitm76,1,0.01618,4922,79.63113,6181
1246,BenoitRanque,1,0.01618,4923,79.64731,6181
1247,bergen4,1,0.01618,4924,79.66348,6181
1248,berkayoz,1,0.01618,4925,79.67966,6181
1249,bernhof,1,0.01618,4926,79.69584,6181
1250,betmix-matt,1,0.01618,4927,79.71202,6181
1251,bgatestmg,1,0.01618,4928,79.72820,6181
1252,bhekidaweti,1,0.01618,4929,79.74438,6181
1253,bieschke,1,0.01618,4930,79.76056,6181
1254,bionescu-tc,1,0.01618,4931,79.77674,6181
1255,bisharaah,1,0.01618,4932,79.79291,6181
1256,biswassri,1,0.01618,4933,79.80909,6181
1257,bitsnacker,1,0.01618,4934,79.82527,6181
1258,bjoernHeneka,1,0.01618,4935,79.84145,6181
1259,bjolo,1,0.01618,4936,79.85763,6181
1260,blafrg,1,0.01618,4937,79.87381,6181
1261,blkt,1,0.01618,4938,79.88999,6181
1262,blossomin,1,0.01618,4939,79.90616,6181
1263,blowback,1,0.01618,4940,79.92234,6181
1264,bluestripe,1,0.01618,4941,79.93852,6181
1265,bobloblian,1,0.01618,4942,79.95470,6181
1266,bobmorane83,1,0.01618,4943,79.97088,6181
1267,bollven01,1,0.01618,4944,79.98706,6181
1268,BONDbATIF,1,0.01618,4945,80.00324,6181
1269,bondyr,1,0.01618,4946,80.01941,6181
1270,bpoliquin-nv,1,0.01618,4947,80.03559,6181
1271,BrechtBD,1,0.01618,4948,80.05177,6181
1272,brokoli777,1,0.01618,4949,80.06795,6181
1273,broman1234,1,0.01618,4950,80.08413,6181
1274,Brotchu,1,0.01618,4951,80.10031,6181
1275,bstr9,1,0.01618,4952,80.11649,6181
1276,btrajkovski-mms,1,0.01618,4953,80.13266,6181
1277,bubrick,1,0.01618,4954,80.14884,6181
1278,burakberkkeskin,1,0.01618,4955,80.16502,6181
1279,burritoatspoton,1,0.01618,4956,80.18120,6181
1280,bushmusi,1,0.01618,4957,80.19738,6181
1281,Cage89,1,0.01618,4958,80.21356,6181
1282,calindurnea,1,0.01618,4959,80.22974,6181
1283,camelCase02,1,0.01618,4960,80.24591,6181
1284,Caritajoe18,1,0.01618,4961,80.26209,6181
1285,castlighting,1,0.01618,4962,80.27827,6181
1286,cbustos-github,1,0.01618,4963,80.29445,6181
1287,ccocheci,1,0.01618,4964,80.31063,6181
1288,ccpu,1,0.01618,4965,80.32681,6181
1289,cculver,1,0.01618,4966,80.34299,6181
1290,cescribanohs,1,0.01618,4967,80.35917,6181
1291,cfraz89,1,0.01618,4968,80.37534,6181
1292,cgimenez,1,0.01618,4969,80.39152,6181
1293,CGNonofr,1,0.01618,4970,80.40770,6181
1294,chadinwork,1,0.01618,4971,80.42388,6181
1295,ChaeSeungJi,1,0.01618,4972,80.44006,6181
1296,chaitanya-sistla,1,0.01618,4973,80.45624,6181
1297,chandanachs,1,0.01618,4974,80.47242,6181
1298,Chandramouli15,1,0.01618,4975,80.48859,6181
1299,chandu3377,1,0.01618,4976,80.50477,6181
1300,charger251,1,0.01618,4977,80.52095,6181
1301,charles-yubo,1,0.01618,4978,80.53713,6181
1302,Ch-Chand,1,0.01618,4979,80.55331,6181
1303,chekly,1,0.01618,4980,80.56949,6181
1304,Chenrujie-85,1,0.01618,4981,80.58567,6181
1305,chentao-kernel,1,0.01618,4982,80.60184,6181
1306,CherrySuryp,1,0.01618,4983,80.61802,6181
1307,chetan94k,1,0.01618,4984,80.63420,6181
1308,cholle99,1,0.01618,4985,80.65038,6181
1309,ChristianRaoulis,1,0.01618,4986,80.66656,6181
1310,chujieyang,1,0.01618,4987,80.68274,6181
1311,cklat,1,0.01618,4988,80.69892,6181
1312,Clare-Octopus,1,0.01618,4989,80.71509,6181
1313,clauverjat,1,0.01618,4990,80.73127,6181
1314,ClementGayet,1,0.01618,4991,80.74745,6181
1315,clintfred,1,0.01618,4992,80.76363,6181
1316,cloudtechninja,1,0.01618,4993,80.77981,6181
1317,clstech,1,0.01618,4994,80.79599,6181
1318,clupo,1,0.01618,4995,80.81217,6181
1319,cmateos-holcim,1,0.01618,4996,80.82834,6181
1320,cme-incom,1,0.01618,4997,80.84452,6181
1321,codehexes,1,0.01618,4998,80.86070,6181
1322,codeling,1,0.01618,4999,80.87688,6181
1323,codered-lgtm,1,0.01618,5000,80.89306,6181
1324,coderocker,1,0.01618,5001,80.90924,6181
1325,coloredpanda,1,0.01618,5002,80.92542,6181
1326,Conklin-Spencer-bah,1,0.01618,5003,80.94160,6181
1327,constant-inos,1,0.01618,5004,80.95777,6181
1328,coreycasmedes,1,0.01618,5005,80.97395,6181
1329,cosmeowpawlitian,1,0.01618,5006,80.99013,6181
1330,Cparker96,1,0.01618,5007,81.00631,6181
1331,Cristobal-M,1,0.01618,5008,81.02249,6181
1332,croister,1,0.01618,5009,81.03867,6181
1333,CrownedPhoenix,1,0.01618,5010,81.05485,6181
1334,Crumb5,1,0.01618,5011,81.07102,6181
1335,csabaemodi,1,0.01618,5012,81.08720,6181
1336,CsarGrnds,1,0.01618,5013,81.10338,6181
1337,csloh-tfs,1,0.01618,5014,81.11956,6181
1338,csmith-poppulo,1,0.01618,5015,81.13574,6181
1339,cuiyudong-free,1,0.01618,5016,81.15192,6181
1340,CyberPartyZan,1,0.01618,5017,81.16810,6181
1341,CypressMan,1,0.01618,5018,81.18427,6181
1342,cyrilou242,1,0.01618,5019,81.20045,6181
1343,Czarna0000,1,0.01618,5020,81.21663,6181
1344,d10n,1,0.01618,5021,81.23281,6181
1345,da-amit-mujawar,1,0.01618,5022,81.24899,6181
1346,DaanV2,1,0.01618,5023,81.26517,6181
1347,dainalthomas,1,0.01618,5024,81.28135,6181
1348,danaamiri,1,0.01618,5025,81.29752,6181
1349,DandaRaviteja,1,0.01618,5026,81.31370,6181
1350,dangogh,1,0.01618,5027,81.32988,6181
1351,danialram,1,0.01618,5028,81.34606,6181
1352,daniela2000111,1,0.01618,5029,81.36224,6181
1353,danielchan-cyera,1,0.01618,5030,81.37842,6181
1354,danielsantosdfs13,1,0.01618,5031,81.39460,6181
1355,danilyef,1,0.01618,5032,81.41077,6181
1356,Danka32,1,0.01618,5033,81.42695,6181
1357,Danny-Kyle,1,0.01618,5034,81.44313,6181
1358,DaNussi,1,0.01618,5035,81.45931,6181
1359,danxwang22,1,0.01618,5036,81.47549,6181
1360,Darth-Weider,1,0.01618,5037,81.49167,6181
1361,darylemb,1,0.01618,5038,81.50785,6181
1362,dashap,1,0.01618,5039,81.52403,6181
1363,DashLHall,1,0.01618,5040,81.54020,6181
1364,DataVizz,1,0.01618,5041,81.55638,6181
1365,datherton-hr,1,0.01618,5042,81.57256,6181
1366,david-hill,1,0.01618,5043,81.58874,6181
1367,davidnuneslima,1,0.01618,5044,81.60492,6181
1368,davidudale,1,0.01618,5045,81.62110,6181
1369,dawood9598,1,0.01618,5046,81.63728,6181
1370,dbarszczowski,1,0.01618,5047,81.65345,6181
1371,dbissessur,1,0.01618,5048,81.66963,6181
1372,dbones,1,0.01618,5049,81.68581,6181
1373,ddalima,1,0.01618,5050,81.70199,6181
1374,ddelpero,1,0.01618,5051,81.71817,6181
1375,ddevadat,1,0.01618,5052,81.73435,6181
1376,DeanTupper,1,0.01618,5053,81.75053,6181
1377,DearJey,1,0.01618,5054,81.76670,6181
1378,debaprita,1,0.01618,5055,81.78288,6181
1379,deividasstr,1,0.01618,5056,81.79906,6181
1380,delebota,1,0.01618,5057,81.81524,6181
1381,denieryd,1,0.01618,5058,81.83142,6181
1382,dennyh89,1,0.01618,5059,81.84760,6181
1383,denyshubh,1,0.01618,5060,81.86378,6181
1384,Depyume,1,0.01618,5061,81.87995,6181
1385,DerKanzler,1,0.01618,5062,81.89613,6181
1386,DesAWSume,1,0.01618,5063,81.91231,6181
1387,desylva,1,0.01618,5064,81.92849,6181
1388,devkits,1,0.01618,5065,81.94467,6181
1389,devopscope,1,0.01618,5066,81.96085,6181
1390,dev-palkhe,1,0.01618,5067,81.97703,6181
1391,dexmanley,1,0.01618,5068,81.99320,6181
1392,Dharma-krishnan,1,0.01618,5069,82.00938,6181
1393,Dharmil4602,1,0.01618,5070,82.02556,6181
1394,dhirajdeore619,1,0.01618,5071,82.04174,6181
1395,DhivyaPal,1,0.01618,5072,82.05792,6181
1396,DIANAAJAMBO,1,0.01618,5073,82.07410,6181
1397,digitaltopo,1,0.01618,5074,82.09028,6181
1398,dijareoracle,1,0.01618,5075,82.10646,6181
1399,dinokli818,1,0.01618,5076,82.12263,6181
1400,divyansh351,1,0.01618,5077,82.13881,6181
1401,djmattyg007,1,0.01618,5078,82.15499,6181
1402,djmetzle,1,0.01618,5079,82.17117,6181
1403,dkosteck,1,0.01618,5080,82.18735,6181
1404,dmaulikr,1,0.01618,5081,82.20353,6181
1405,dmennecke1,1,0.01618,5082,82.21971,6181
1406,dmvinson,1,0.01618,5083,82.23588,6181
1407,dmytrobabeshko,1,0.01618,5084,82.25206,6181
1408,Dodokei,1,0.01618,5085,82.26824,6181
1409,Dofamin,1,0.01618,5086,82.28442,6181
1410,Dolapo-Mosuro,1,0.01618,5087,82.30060,6181
1411,dolik-rce,1,0.01618,5088,82.31678,6181
1412,drahnr,1,0.01618,5089,82.33296,6181
1413,dreamkiller67,1,0.01618,5090,82.34913,6181
1414,DRON4eg,1,0.01618,5091,82.36531,6181
1415,DronNick,1,0.01618,5092,82.38149,6181
1416,dsafcadaaa,1,0.01618,5093,82.39767,6181
1417,DuraCHYo,1,0.01618,5094,82.41385,6181
1418,duydq3012,1,0.01618,5095,82.43003,6181
1419,DvoraShechter,1,0.01618,5096,82.44621,6181
1420,e3oroush,1,0.01618,5097,82.46238,6181
1421,Earthcas,1,0.01618,5098,82.47856,6181
1422,eastana,1,0.01618,5099,82.49474,6181
1423,eBouvard,1,0.01618,5100,82.51092,6181
1424,echthesia,1,0.01618,5101,82.52710,6181
1425,edibleparts,1,0.01618,5102,82.54328,6181
1426,edinel,1,0.01618,5103,82.55946,6181
1427,edsonmedina,1,0.01618,5104,82.57564,6181
1428,eduardohermannarquivei,1,0.01618,5105,82.59181,6181
1429,eduardscaueru,1,0.01618,5106,82.60799,6181
1430,eean,1,0.01618,5107,82.62417,6181
1431,efansoftware,1,0.01618,5108,82.64035,6181
1432,ehsjoar,1,0.01618,5109,82.65653,6181
1433,eirol1221,1,0.01618,5110,82.67271,6181
1434,Ejdm1,1,0.01618,5111,82.68889,6181
1435,el-buku,1,0.01618,5112,82.70506,6181
1436,elburnetto-intapp,1,0.01618,5113,82.72124,6181
1437,Elezabeth23,1,0.01618,5114,82.73742,6181
1438,eliAbdulrahman,1,0.01618,5115,82.75360,6181
1439,eliebleton-manomano,1,0.01618,5116,82.76978,6181
1440,elieserpereiracentr,1,0.01618,5117,82.78596,6181
1441,elijah-rou,1,0.01618,5118,82.80214,6181
1442,elisw93,1,0.01618,5119,82.81831,6181
1443,elkcert,1,0.01618,5120,82.83449,6181
1444,eloydegen,1,0.01618,5121,82.85067,6181
1445,elrender,1,0.01618,5122,82.86685,6181
1446,emarx,1,0.01618,5123,82.88303,6181
1447,emedina-rldatix,1,0.01618,5124,82.89921,6181
1448,engeldevelopment,1,0.01618,5125,82.91539,6181
1449,entekhabasc,1,0.01618,5126,82.93156,6181
1450,ergonben,1,0.01618,5127,82.94774,6181
1451,erickmcarvalho,1,0.01618,5128,82.96392,6181
1452,erin2722,1,0.01618,5129,82.98010,6181
1453,erlendvollset,1,0.01618,5130,82.99628,6181
1454,ernestosbarbosa,1,0.01618,5131,83.01246,6181
1455,Eromosele-SM,1,0.01618,5132,83.02864,6181
1456,eryalito,1,0.01618,5133,83.04481,6181
1457,Eseeldur,1,0.01618,5134,83.06099,6181
1458,ethanmick,1,0.01618,5135,83.07717,6181
1459,Evandro-Cruz,1,0.01618,5136,83.09335,6181
1460,EvgenyAsocs,1,0.01618,5137,83.10953,6181
1461,ev-zhuravlev,1,0.01618,5138,83.12571,6181
1462,eXist-FraGGer,1,0.01618,5139,83.14189,6181
1463,exoaturner,1,0.01618,5140,83.15807,6181
1464,exolicious,1,0.01618,5141,83.17424,6181
1465,ezinall,1,0.01618,5142,83.19042,6181
1466,Faakhir30,1,0.01618,5143,83.20660,6181
1467,FabienSalles,1,0.01618,5144,83.22278,6181
1468,fabienvauchelles,1,0.01618,5145,83.23896,6181
1469,fahmiduldul,1,0.01618,5146,83.25514,6181
1470,farruwasiq,1,0.01618,5147,83.27132,6181
1471,fbettag,1,0.01618,5148,83.28749,6181
1472,FeeeeK,1,0.01618,5149,83.30367,6181
1473,Felipe-Rafael-Rosa,1,0.01618,5150,83.31985,6181
1474,felixliulei,1,0.01618,5151,83.33603,6181
1475,felixs8696,1,0.01618,5152,83.35221,6181
1476,fenghan34,1,0.01618,5153,83.36839,6181
1477,fenghuahu,1,0.01618,5154,83.38457,6181
1478,FerFabbiano,1,0.01618,5155,83.40074,6181
1479,fernandogrd,1,0.01618,5156,83.41692,6181
1480,ffuerste,1,0.01618,5157,83.43310,6181
1481,flazarus1A,1,0.01618,5158,83.44928,6181
1482,Flex0089,1,0.01618,5159,83.46546,6181
1483,flik1337,1,0.01618,5160,83.48164,6181
1484,flleonx,1,0.01618,5161,83.49782,6181
1485,floyd242,1,0.01618,5162,83.51399,6181
1486,fnarvaez-applydigital,1,0.01618,5163,83.53017,6181
1487,fontanafluke,1,0.01618,5164,83.54635,6181
1488,forquare,1,0.01618,5165,83.56253,6181
1489,foss4ever,1,0.01618,5166,83.57871,6181
1490,FoxTes,1,0.01618,5167,83.59489,6181
1491,francisko0,1,0.01618,5168,83.61107,6181
1492,frankljbe,1,0.01618,5169,83.62724,6181
1493,Frazew,1,0.01618,5170,83.64342,6181
1494,fredgnucc,1,0.01618,5171,83.65960,6181
1495,freefengeli,1,0.01618,5172,83.67578,6181
1496,Frmsfn77,1,0.01618,5173,83.69196,6181
1497,ftw-soft,1,0.01618,5174,83.70814,6181
1498,funkindy,1,0.01618,5175,83.72432,6181
1499,furmi7,1,0.01618,5176,83.74050,6181
1500,fxkjnj,1,0.01618,5177,83.75667,6181
1501,G-2-Z,1,0.01618,5178,83.77285,6181
1502,g5rg,1,0.01618,5179,83.78903,6181
1503,gabricar-andela,1,0.01618,5180,83.80521,6181
1504,gagaga3849,1,0.01618,5181,83.82139,6181
1505,Garv0504,1,0.01618,5182,83.83757,6181
1506,GatinMI,1,0.01618,5183,83.85375,6181
1507,gaurang-srivastava09,1,0.01618,5184,83.86992,6181
1508,gauravkuredhat,1,0.01618,5185,83.88610,6181
1509,gcx-17211270,1,0.01618,5186,83.90228,6181
1510,gdelvallez1,1,0.01618,5187,83.91846,6181
1511,gecoool,1,0.01618,5188,83.93464,6181
1512,gespinozat,1,0.01618,5189,83.95082,6181
1513,ggimenes,1,0.01618,5190,83.96700,6181
1514,GGYaX,1,0.01618,5191,83.98317,6181
1515,ghazimuharam,1,0.01618,5192,83.99935,6181
1516,ghsanti,1,0.01618,5193,84.01553,6181
1517,Ginger0913,1,0.01618,5194,84.03171,6181
1518,giobart,1,0.01618,5195,84.04789,6181
1519,giri417,1,0.01618,5196,84.06407,6181
1520,gitymon,1,0.01618,5197,84.08025,6181
1521,glachac-safelishare,1,0.01618,5198,84.09642,6181
1522,gmillinger,1,0.01618,5199,84.11260,6181
1523,gmpify,1,0.01618,5200,84.12878,6181
1524,gmtborges,1,0.01618,5201,84.14496,6181
1525,gnovak-adc,1,0.01618,5202,84.16114,6181
1526,gnur,1,0.01618,5203,84.17732,6181
1527,gormed,1,0.01618,5204,84.19350,6181
1528,gost1k337,1,0.01618,5205,84.20967,6181
1529,gozen59,1,0.01618,5206,84.22585,6181
1530,Graysonbarton,1,0.01618,5207,84.24203,6181
1531,greenmapc,1,0.01618,5208,84.25821,6181
1532,grizo,1,0.01618,5209,84.27439,6181
1533,gsmesilov,1,0.01618,5210,84.29057,6181
1534,GTamp,1,0.01618,5211,84.30675,6181
1535,GTRekter,1,0.01618,5212,84.32293,6181
1536,Guazi,1,0.01618,5213,84.33910,6181
1537,guicarboneti,1,0.01618,5214,84.35528,6181
1538,guntiskarulis,1,0.01618,5215,84.37146,6181
1539,GurvanGGLV,1,0.01618,5216,84.38764,6181
1540,guyLee687,1,0.01618,5217,84.40382,6181
1541,gxxxh,1,0.01618,5218,84.42000,6181
1542,h6ah4i,1,0.01618,5219,84.43618,6181
1543,h888866j,1,0.01618,5220,84.45235,6181
1544,hale177,1,0.01618,5221,84.46853,6181
1545,hamidonos,1,0.01618,5222,84.48471,6181
1546,HamoudaTarek,1,0.01618,5223,84.50089,6181
1547,hardcorder666,1,0.01618,5224,84.51707,6181
1548,harinlee0803,1,0.01618,5225,84.53325,6181
1549,Harishpp,1,0.01618,5226,84.54943,6181
1550,HarryJRob,1,0.01618,5227,84.56560,6181
1551,harsha1979,1,0.01618,5228,84.58178,6181
1552,harshil2628,1,0.01618,5229,84.59796,6181
1553,HarshVaragiya,1,0.01618,5230,84.61414,6181
1554,hatl,1,0.01618,5231,84.63032,6181
1555,haythemtrabelsi117,1,0.01618,5232,84.64650,6181
1556,hdaxian668,1,0.01618,5233,84.66268,6181
1557,HDI-Julian,1,0.01618,5234,84.67885,6181
1558,healthy-pod,1,0.01618,5235,84.69503,6181
1559,HeenaBansal20,1,0.01618,5236,84.71121,6181
1560,heikofkoehler,1,0.01618,5237,84.72739,6181
1561,Helion55,1,0.01618,5238,84.74357,6181
1562,henriqueblang,1,0.01618,5239,84.75975,6181
1563,henryfish12,1,0.01618,5240,84.77593,6181
1564,heri2468,1,0.01618,5241,84.79210,6181
1565,heungju-lee,1,0.01618,5242,84.80828,6181
1566,Hewei-ss,1,0.01618,5243,84.82446,6181
1567,HeyGrey,1,0.01618,5244,84.84064,6181
1568,hfranz-gebit,1,0.01618,5245,84.85682,6181
1569,hiennq99,1,0.01618,5246,84.87300,6181
1570,hieulw,1,0.01618,5247,84.88918,6181
1571,HighBoy1212,1,0.01618,5248,84.90536,6181
1572,High-PO,1,0.01618,5249,84.92153,6181
1573,hikari1124,1,0.01618,5250,84.93771,6181
1574,HillbertChan,1,0.01618,5251,84.95389,6181
1575,himanshunanda22,1,0.01618,5252,84.97007,6181
1576,hk-bmi,1,0.01618,5253,84.98625,6181
1577,hlebkanonik,1,0.01618,5254,85.00243,6181
1578,hmhuan,1,0.01618,5255,85.01861,6181
1579,hmphome,1,0.01618,5256,85.03478,6181
1580,hoazgazh,1,0.01618,5257,85.05096,6181
1581,hookom,1,0.01618,5258,85.06714,6181
1582,HowlsCastle,1,0.01618,5259,85.08332,6181
1583,hpatro,1,0.01618,5260,85.09950,6181
1584,hperl,1,0.01618,5261,85.11568,6181
1585,hrishi-008,1,0.01618,5262,85.13186,6181
1586,hthuwal,1,0.01618,5263,85.14803,6181
1587,huertin03,1,0.01618,5264,85.16421,6181
1588,hurra,1,0.01618,5265,85.18039,6181
1589,HuskarYang,1,0.01618,5266,85.19657,6181
1590,iamahgoub,1,0.01618,5267,85.21275,6181
1591,iamajaz,1,0.01618,5268,85.22893,6181
1592,iamredbull,1,0.01618,5269,85.24511,6181
1593,iamsandakelum,1,0.01618,5270,85.26128,6181
1594,ido-greenfeld,1,0.01618,5271,85.27746,6181
1595,idomic,1,0.01618,5272,85.29364,6181
1596,iferrierpax8,1,0.01618,5273,85.30982,6181
1597,ifkit,1,0.01618,5274,85.32600,6181
1598,Ignaciojeria,1,0.01618,5275,85.34218,6181
1599,ignatovladislav,1,0.01618,5276,85.35836,6181
1600,IgorYoda,1,0.01618,5277,85.37453,6181
1601,ilaikim99,1,0.01618,5278,85.39071,6181
1602,ilCollez,1,0.01618,5279,85.40689,6181
1603,iliyan-s-petkov,1,0.01618,5280,85.42307,6181
1604,imkurosaki,1,0.01618,5281,85.43925,6181
1605,imp1sh,1,0.01618,5282,85.45543,6181
1606,imsudiproy,1,0.01618,5283,85.47161,6181
1607,Insomniac2904,1,0.01618,5284,85.48779,6181
1608,InzamamAnwar,1,0.01618,5285,85.50396,6181
1609,ioygy,1,0.01618,5286,85.52014,6181
1610,ip75,1,0.01618,5287,85.53632,6181
1611,irarsenus,1,0.01618,5288,85.55250,6181
1612,Isaiselvan-Intelsat,1,0.01618,5289,85.56868,6181
1613,ishwarmt,1,0.01618,5290,85.58486,6181
1614,iskylite,1,0.01618,5291,85.60104,6181
1615,islibra,1,0.01618,5292,85.61721,6181
1616,issagorgias,1,0.01618,5293,85.63339,6181
1617,isurakka,1,0.01618,5294,85.64957,6181
1618,italovieira,1,0.01618,5295,85.66575,6181
1619,iuculano-nh,1,0.01618,5296,85.68193,6181
1620,IvanSimanenka,1,0.01618,5297,85.69811,6181
1621,Ivan-Tamayo,1,0.01618,5298,85.71429,6181
1622,J4M35K,1,0.01618,5299,85.73046,6181
1623,jacastello,1,0.01618,5300,85.74664,6181
1624,jaceblake,1,0.01618,5301,85.76282,6181
1625,jacekbe,1,0.01618,5302,85.77900,6181
1626,jacmule,1,0.01618,5303,85.79518,6181
1627,jaeaxt,1,0.01618,5304,85.81136,6181
1628,JakobGSvendsen,1,0.01618,5305,85.82754,6181
1629,jakubno,1,0.01618,5306,85.84371,6181
1630,jalil-salame,1,0.01618,5307,85.85989,6181
1631,jame2408,1,0.01618,5308,85.87607,6181
1632,jamescooke-xyz,1,0.01618,5309,85.89225,6181
1633,jamescooper-blis,1,0.01618,5310,85.90843,6181
1634,JamesDConley,1,0.01618,5311,85.92461,6181
1635,jangty,1,0.01618,5312,85.94079,6181
1636,jaredwillard12,1,0.01618,5313,85.95696,6181
1637,jaro-s,1,0.01618,5314,85.97314,6181
1638,jason-bent,1,0.01618,5315,85.98932,6181
1639,JasonHo420,1,0.01618,5316,86.00550,6181
1640,JasonShuyinta,1,0.01618,5317,86.02168,6181
1641,JavierBejMen,1,0.01618,5318,86.03786,6181
1642,jaydeerossi,1,0.01618,5319,86.05404,6181
1643,jbeaussart-ledger,1,0.01618,5320,86.07022,6181
1644,jblebrun,1,0.01618,5321,86.08639,6181
1645,jbruinink,1,0.01618,5322,86.10257,6181
1646,jbutz,1,0.01618,5323,86.11875,6181
1647,jchillin,1,0.01618,5324,86.13493,6181
1648,jclapadula,1,0.01618,5325,86.15111,6181
1649,jcotoBan,1,0.01618,5326,86.16729,6181
1650,jdlarrubia,1,0.01618,5327,86.18347,6181
1651,jean-francoismougnot,1,0.01618,5328,86.19964,6181
1652,jeanpaullb,1,0.01618,5329,86.21582,6181
1653,jeffincloud,1,0.01618,5330,86.23200,6181
1654,jeidsath,1,0.01618,5331,86.24818,6181
1655,jennweir,1,0.01618,5332,86.26436,6181
1656,jeremybacher,1,0.01618,5333,86.28054,6181
1657,jeremylaier-tc,1,0.01618,5334,86.29672,6181
1658,jerusdp,1,0.01618,5335,86.31289,6181
1659,jespernylendklp,1,0.01618,5336,86.32907,6181
1660,jessechencx,1,0.01618,5337,86.34525,6181
1661,jgcarrera,1,0.01618,5338,86.36143,6181
1662,jgonyea,1,0.01618,5339,86.37761,6181
1663,jgrant22,1,0.01618,5340,86.39379,6181
1664,jhonsmith44492,1,0.01618,5341,86.40997,6181
1665,jhudziak,1,0.01618,5342,86.42614,6181
1666,JIStolk,1,0.01618,5343,86.44232,6181
1667,jizago,1,0.01618,5344,86.45850,6181
1668,JKHSDTV,1,0.01618,5345,86.47468,6181
1669,jlanning-gl,1,0.01618,5346,86.49086,6181
1670,jlarsonta,1,0.01618,5347,86.50704,6181
1671,jlaska,1,0.01618,5348,86.52322,6181
1672,jmicceri,1,0.01618,5349,86.53939,6181
1673,jnernest,1,0.01618,5350,86.55557,6181
1674,jnsn,1,0.01618,5351,86.57175,6181
1675,joanna-polec,1,0.01618,5352,86.58793,6181
1676,JoaquimFlavio,1,0.01618,5353,86.60411,6181
1677,joe1981al,1,0.01618,5354,86.62029,6181
1678,JohannesAtGit,1,0.01618,5355,86.63647,6181
1679,johnbatclari,1,0.01618,5356,86.65265,6181
1680,john-forrest,1,0.01618,5357,86.66882,6181
1681,Joice-crypto,1,0.01618,5358,86.68500,6181
1682,Jomy10,1,0.01618,5359,86.70118,6181
1683,jonny-mccoubrey,1,0.01618,5360,86.71736,6181
1684,jonsmeep,1,0.01618,5361,86.73354,6181
1685,JonyYanll,1,0.01618,5362,86.74972,6181
1686,JoonasMelin,1,0.01618,5363,86.76590,6181
1687,joshhayes-sheen-vt,1,0.01618,5364,86.78207,6181
1688,joshhklee,1,0.01618,5365,86.79825,6181
1689,joumanae,1,0.01618,5366,86.81443,6181
1690,jpalharini,1,0.01618,5367,86.83061,6181
1691,jpnorenam,1,0.01618,5368,86.84679,6181
1692,jsrana78,1,0.01618,5369,86.86297,6181
1693,jsuthh,1,0.01618,5370,86.87915,6181
1694,JTBS,1,0.01618,5371,86.89532,6181
1695,jude-san,1,0.01618,5372,86.91150,6181
1696,jueli12,1,0.01618,5373,86.92768,6181
1697,juhas96,1,0.01618,5374,86.94386,6181
1698,Jukien,1,0.01618,5375,86.96004,6181
1699,jukka413,1,0.01618,5376,86.97622,6181
1700,JulianJJ,1,0.01618,5377,86.99240,6181
1701,JulienStitelet,1,0.01618,5378,87.00857,6181
1702,jundayin,1,0.01618,5379,87.02475,6181
1703,JunjieKai,1,0.01618,5380,87.04093,6181
1704,junyahondarubrik,1,0.01618,5381,87.05711,6181
1705,junzhang999,1,0.01618,5382,87.07329,6181
1706,justbereinforced,1,0.01618,5383,87.08947,6181
1707,juu0000,1,0.01618,5384,87.10565,6181
1708,jwalpole2932,1,0.01618,5385,87.12182,6181
1709,jxia20,1,0.01618,5386,87.13800,6181
1710,jyoti-io,1,0.01618,5387,87.15418,6181
1711,jzhou7-atl,1,0.01618,5388,87.17036,6181
1712,kaawilcox,1,0.01618,5389,87.18654,6181
1713,KabarbekN,1,0.01618,5390,87.20272,6181
1714,kaggavenki,1,0.01618,5391,87.21890,6181
1715,kamimanzoor,1,0.01618,5392,87.23508,6181
1716,Kami-prog,1,0.01618,5393,87.25125,6181
1717,kamsobon,1,0.01618,5394,87.26743,6181
1718,kanaka,1,0.01618,5395,87.28361,6181
1719,kanedowny,1,0.01618,5396,87.29979,6181
1720,KaranbirSingh7,1,0.01618,5397,87.31597,6181
1721,kareem-DA,1,0.01618,5398,87.33215,6181
1722,Karlie-777,1,0.01618,5399,87.34833,6181
1723,karloscarrijo,1,0.01618,5400,87.36450,6181
1724,Karthi-vel,1,0.01618,5401,87.38068,6181
1725,kartikshingala78,1,0.01618,5402,87.39686,6181
1726,kaweston,1,0.01618,5403,87.41304,6181
1727,kcao-nydig,1,0.01618,5404,87.42922,6181
1728,kdambekalns,1,0.01618,5405,87.44540,6181
1729,Kejzin,1,0.01618,5406,87.46158,6181
1730,keklabs,1,0.01618,5407,87.47775,6181
1731,kelvtech-co-uk,1,0.01618,5408,87.49393,6181
1732,kenilkevadiya,1,0.01618,5409,87.51011,6181
1733,kentwongg,1,0.01618,5410,87.52629,6181
1734,kenzolservice,1,0.01618,5411,87.54247,6181
1735,Kerat,1,0.01618,5412,87.55865,6181
1736,KERERCVASD,1,0.01618,5413,87.57483,6181
1737,kevinh-hcl,1,0.01618,5414,87.59100,6181
1738,kevjt,1,0.01618,5415,87.60718,6181
1739,kgudel,1,0.01618,5416,87.62336,6181
1740,Khushalsarode,1,0.01618,5417,87.63954,6181
1741,kirylbelavus,1,0.01618,5418,87.65572,6181
1742,k-ken-t4g,1,0.01618,5419,87.67190,6181
1743,kknyxkk,1,0.01618,5420,87.68808,6181
1744,klaernie,1,0.01618,5421,87.70425,6181
1745,klmsathishkumar,1,0.01618,5422,87.72043,6181
1746,kmcm0,1,0.01618,5423,87.73661,6181
1747,kms0219kms,1,0.01618,5424,87.75279,6181
1748,Kneas,1,0.01618,5425,87.76897,6181
1749,Kneatrum,1,0.01618,5426,87.78515,6181
1750,kofesenko,1,0.01618,5427,87.80133,6181
1751,kolodziejczak,1,0.01618,5428,87.81751,6181
1752,kooroshkdt2,1,0.01618,5429,87.83368,6181
1753,kosamson,1,0.01618,5430,87.84986,6181
1754,kowei,1,0.01618,5431,87.86604,6181
1755,Kozatoo,1,0.01618,5432,87.88222,6181
1756,kpryu6,1,0.01618,5433,87.89840,6181
1757,kraevskii-m,1,0.01618,5434,87.91458,6181
1758,krishnan206,1,0.01618,5435,87.93076,6181
1759,krossIBM,1,0.01618,5436,87.94693,6181
1760,krychu81,1,0.01618,5437,87.96311,6181
1761,ksnavely,1,0.01618,5438,87.97929,6181
1762,kssanthoshselvaraj04,1,0.01618,5439,87.99547,6181
1763,kth496,1,0.01618,5440,88.01165,6181
1764,kubecost-pb,1,0.01618,5441,88.02783,6181
1765,kumarrishav4,1,0.01618,5442,88.04401,6181
1766,kunal2791,1,0.01618,5443,88.06018,6181
1767,kunalpal97,1,0.01618,5444,88.07636,6181
1768,kvenn,1,0.01618,5445,88.09254,6181
1769,kyryllparolys,1,0.01618,5446,88.10872,6181
1770,L0mchansky,1,0.01618,5447,88.12490,6181
1771,Lahcenlahsini12,1,0.01618,5448,88.14108,6181
1772,lakaniemi,1,0.01618,5449,88.15726,6181
1773,LakshmiRavichandran1,1,0.01618,5450,88.17343,6181
1774,lakshyajoshii,1,0.01618,5451,88.18961,6181
1775,lalitha292,1,0.01618,5452,88.20579,6181
1776,LandonMoss,1,0.01618,5453,88.22197,6181
1777,laomao0,1,0.01618,5454,88.23815,6181
1778,larsvanmourik,1,0.01618,5455,88.25433,6181
1779,laser13,1,0.01618,5456,88.27051,6181
1780,Lavaei,1,0.01618,5457,88.28669,6181
1781,lawrencelo8,1,0.01618,5458,88.30286,6181
1782,lbcd,1,0.01618,5459,88.31904,6181
1783,Lddeiva,1,0.01618,5460,88.33522,6181
1784,leasonliu,1,0.01618,5461,88.35140,6181
1785,lec-bit,1,0.01618,5462,88.36758,6181
1786,leighvl,1,0.01618,5463,88.38376,6181
1787,lemniskett,1,0.01618,5464,88.39994,6181
1788,leonard-henriquez,1,0.01618,5465,88.41611,6181
1789,lepouletsuisse,1,0.01618,5466,88.43229,6181
1790,lexops,1,0.01618,5467,88.44847,6181
1791,lh123,1,0.01618,5468,88.46465,6181
1792,lhsaq2009,1,0.01618,5469,88.48083,6181
1793,Li-8023,1,0.01618,5470,88.49701,6181
1794,liam-daley,1,0.01618,5471,88.51319,6181
1795,liho00,1,0.01618,5472,88.52936,6181
1796,limbik-martinj,1,0.01618,5473,88.54554,6181
1797,LiMCZJY,1,0.01618,5474,88.56172,6181
1798,limitup,1,0.01618,5475,88.57790,6181
1799,linronghua921122,1,0.01618,5476,88.59408,6181
1800,liraelia,1,0.01618,5477,88.61026,6181
1801,liron-smarsh,1,0.01618,5478,88.62644,6181
1802,liupengroc,1,0.01618,5479,88.64261,6181
1803,LiuPeng-running,1,0.01618,5480,88.65879,6181
1804,liuxx66,1,0.01618,5481,88.67497,6181
1805,lizhaoyangre,1,0.01618,5482,88.69115,6181
1806,lloydChris,1,0.01618,5483,88.70733,6181
1807,lneoe,1,0.01618,5484,88.72351,6181
1808,lochetti,1,0.01618,5485,88.73969,6181
1809,long-stars6,1,0.01618,5486,88.75586,6181
1810,lor1113,1,0.01618,5487,88.77204,6181
1811,louhuanbin,1,0.01618,5488,88.78822,6181
1812,lramosduarte,1,0.01618,5489,88.80440,6181
1813,LucasCarvalho00,1,0.01618,5490,88.82058,6181
1814,LucasGranela,1,0.01618,5491,88.83676,6181
1815,LuckySting,1,0.01618,5492,88.85294,6181
1816,luismesa-io,1,0.01618,5493,88.86912,6181
1817,luismiguelsaez-steercrm,1,0.01618,5494,88.88529,6181
1818,luisvieirajs,1,0.01618,5495,88.90147,6181
1819,lukas8219,1,0.01618,5496,88.91765,6181
1820,lukas-andrade,1,0.01618,5497,88.93383,6181
1821,lukaszsurfer,1,0.01618,5498,88.95001,6181
1822,luko0610,1,0.01618,5499,88.96619,6181
1823,lupohirp,1,0.01618,5500,88.98237,6181
1824,ly0511,1,0.01618,5501,88.99854,6181
1825,lyitt1987,1,0.01618,5502,89.01472,6181
1826,Lyon77,1,0.01618,5503,89.03090,6181
1827,maczernik,1,0.01618,5504,89.04708,6181
1828,madhu-mallisetty,1,0.01618,5505,89.06326,6181
1829,madoe,1,0.01618,5506,89.07944,6181
1830,Magi3r,1,0.01618,5507,89.09562,6181
1831,magnetic5355,1,0.01618,5508,89.11179,6181
1832,mahesh0414,1,0.01618,5509,89.12797,6181
1833,Mahmoudhodhod,1,0.01618,5510,89.14415,6181
1834,makalis,1,0.01618,5511,89.16033,6181
1835,MaKaNu,1,0.01618,5512,89.17651,6181
1836,makhalin,1,0.01618,5513,89.19269,6181
1837,maksim-lauryk,1,0.01618,5514,89.20887,6181
1838,malsbat,1,0.01618,5515,89.22504,6181
1839,manasij12,1,0.01618,5516,89.24122,6181
1840,manetherenio,1,0.01618,5517,89.25740,6181
1841,Mangal-Nidhi,1,0.01618,5518,89.27358,6181
1842,mangococo,1,0.01618,5519,89.28976,6181
1843,man-ish-k,1,0.01618,5520,89.30594,6181
1844,manishramanandi,1,0.01618,5521,89.32212,6181
1845,manishrw,1,0.01618,5522,89.33829,6181
1846,mantu-sahu,1,0.01618,5523,89.35447,6181
1847,marcialwushu,1,0.01618,5524,89.37065,6181
1848,marcusoyang,1,0.01618,5525,89.38683,6181
1849,mariesto,1,0.01618,5526,89.40301,6181
1850,mario-bermonti,1,0.01618,5527,89.41919,6181
1851,mariUa99V3,1,0.01618,5528,89.43537,6181
1852,marknesterovych,1,0.01618,5529,89.45155,6181
1853,markthill,1,0.01618,5530,89.46772,6181
1854,martinwunderlich-celonis,1,0.01618,5531,89.48390,6181
1855,Martyn10,1,0.01618,5532,89.50008,6181
1856,maruloop,1,0.01618,5533,89.51626,6181
1857,Marvin0098,1,0.01618,5534,89.53244,6181
1858,mashiofu-cafex,1,0.01618,5535,89.54862,6181
1859,matanparker,1,0.01618,5536,89.56480,6181
1860,matchan26,1,0.01618,5537,89.58097,6181
1861,mateo762,1,0.01618,5538,89.59715,6181
1862,mateuszlemieszko,1,0.01618,5539,89.61333,6181
1863,mattasco,1,0.01618,5540,89.62951,6181
1864,MatteoNardi,1,0.01618,5541,89.64569,6181
1865,matthew-da-clark,1,0.01618,5542,89.66187,6181
1866,mattlgy,1,0.01618,5543,89.67805,6181
1867,matt-roz,1,0.01618,5544,89.69422,6181
1868,MaxLassort,1,0.01618,5545,89.71040,6181
1869,MayankMintoak,1,0.01618,5546,89.72658,6181
1870,mbm-c,1,0.01618,5547,89.74276,6181
1871,mcz-sz,1,0.01618,5548,89.75894,6181
1872,md850git,1,0.01618,5549,89.77512,6181
1873,mderriey,1,0.01618,5550,89.79130,6181
1874,mdnorman,1,0.01618,5551,89.80747,6181
1875,mdtoro-wyn,1,0.01618,5552,89.82365,6181
1876,mdylan2,1,0.01618,5553,89.83983,6181
1877,mdzhigarov,1,0.01618,5554,89.85601,6181
1878,meAyushSharma,1,0.01618,5555,89.87219,6181
1879,MeesvanStraten,1,0.01618,5556,89.88837,6181
1880,mehrinkiani,1,0.01618,5557,89.90455,6181
1881,mejlholm,1,0.01618,5558,89.92072,6181
1882,memoselyk,1,0.01618,5559,89.93690,6181
1883,MetacodeBiz,1,0.01618,5560,89.95308,6181
1884,MetalBlueberry,1,0.01618,5561,89.96926,6181
1885,metaphy6,1,0.01618,5562,89.98544,6181
1886,mevrin-ueat,1,0.01618,5563,90.00162,6181
1887,mharmer-canva,1,0.01618,5564,90.01780,6181
1888,mhazan01,1,0.01618,5565,90.03398,6181
1889,michaeldimoudis,1,0.01618,5566,90.05015,6181
1890,michaeljsaenz,1,0.01618,5567,90.06633,6181
1891,MichaelKetting,1,0.01618,5568,90.08251,6181
1892,michael-lam,1,0.01618,5569,90.09869,6181
1893,MichaelSwartz,1,0.01618,5570,90.11487,6181
1894,MightyMoud,1,0.01618,5571,90.13105,6181
1895,migu83,1,0.01618,5572,90.14723,6181
1896,miguelingitj,1,0.01618,5573,90.16340,6181
1897,miguellords,1,0.01618,5574,90.17958,6181
1898,miheych,1,0.01618,5575,90.19576,6181
1899,mikeswiss,1,0.01618,5576,90.21194,6181
1900,mikolajMacioszczyk,1,0.01618,5577,90.22812,6181
1901,milan-holub,1,0.01618,5578,90.24430,6181
1902,minhnd410,1,0.01618,5579,90.26048,6181
1903,minhphong306,1,0.01618,5580,90.27665,6181
1904,mjf-89,1,0.01618,5581,90.29283,6181
1905,mjlogan,1,0.01618,5582,90.30901,6181
1906,m-kamran-zortik,1,0.01618,5583,90.32519,6181
1907,mkhvoiko,1,0.01618,5584,90.34137,6181
1908,MKITConsulting,1,0.01618,5585,90.35755,6181
1909,ml863606,1,0.01618,5586,90.37373,6181
1910,mlowicki,1,0.01618,5587,90.38990,6181
1911,mmazurekgda,1,0.01618,5588,90.40608,6181
1912,MoAshraf259,1,0.01618,5589,90.42226,6181
1913,mohit07dec,1,0.01618,5590,90.43844,6181
1914,MonicaIsMe,1,0.01618,5591,90.45462,6181
1915,MortalHappiness,1,0.01618,5592,90.47080,6181
1916,moshensky,1,0.01618,5593,90.48698,6181
1917,MounaVignesh,1,0.01618,5594,90.50315,6181
1918,moximoti,1,0.01618,5595,90.51933,6181
1919,MoXingQiang,1,0.01618,5596,90.53551,6181
1920,MrdUkk,1,0.01618,5597,90.55169,6181
1921,mrharpo,1,0.01618,5598,90.56787,6181
1922,mrjain1806,1,0.01618,5599,90.58405,6181
1923,MrMarlin,1,0.01618,5600,90.60023,6181
1924,mrparalon,1,0.01618,5601,90.61641,6181
1925,MrShemek,1,0.01618,5602,90.63258,6181
1926,mrust1219,1,0.01618,5603,90.64876,6181
1927,msaah-benchling,1,0.01618,5604,90.66494,6181
1928,mselim00,1,0.01618,5605,90.68112,6181
1929,msft-linliu,1,0.01618,5606,90.69730,6181
1930,mtahle,1,0.01618,5607,90.71348,6181
1931,mukund-ananthu,1,0.01618,5608,90.72966,6181
1932,muriloecfaria,1,0.01618,5609,90.74583,6181
1933,mvlassis,1,0.01618,5610,90.76201,6181
1934,mvv-dvb,1,0.01618,5611,90.77819,6181
1935,mxmaxime,1,0.01618,5612,90.79437,6181
1936,myorn,1,0.01618,5613,90.81055,6181
1937,mzubairsaleem,1,0.01618,5614,90.82673,6181
1938,n0rm4l-real,1,0.01618,5615,90.84291,6181
1939,naidu72,1,0.01618,5616,90.85908,6181
1940,najtin,1,0.01618,5617,90.87526,6181
1941,Najzer0,1,0.01618,5618,90.89144,6181
1942,NaruSaku,1,0.01618,5619,90.90762,6181
1943,nataliachodelski,1,0.01618,5620,90.92380,6181
1944,nateftv,1,0.01618,5621,90.93998,6181
1945,natenho,1,0.01618,5622,90.95616,6181
1946,nattybear,1,0.01618,5623,90.97233,6181
1947,naumanahmedkhan,1,0.01618,5624,90.98851,6181
1948,NawinKumarSharma,1,0.01618,5625,91.00469,6181
1949,nbr28,1,0.01618,5626,91.02087,6181
1950,ncau,1,0.01618,5627,91.03705,6181
1951,ndrake,1,0.01618,5628,91.05323,6181
1952,ndrikouassi-67,1,0.01618,5629,91.06941,6181
1953,necr0n,1,0.01618,5630,91.08558,6181
1954,nehalandrew,1,0.01618,5631,91.10176,6181
1955,nekatskin,1,0.01618,5632,91.11794,6181
1956,NEKO1998,1,0.01618,5633,91.13412,6181
1957,neo1parekh,1,0.01618,5634,91.15030,6181
1958,new-vkatamre-cisco,1,0.01618,5635,91.16648,6181
1959,newyue588cc,1,0.01618,5636,91.18266,6181
1960,nfung-soundhound,1,0.01618,5637,91.19884,6181
1961,nhatlaso1,1,0.01618,5638,91.21501,6181
1962,nianxiushi,1,0.01618,5639,91.23119,6181
1963,nickhammond,1,0.01618,5640,91.24737,6181
1964,NickPoole,1,0.01618,5641,91.26355,6181
1965,nicobistolfi,1,0.01618,5642,91.27973,6181
1966,nicokosi,1,0.01618,5643,91.29591,6181
1967,nicolanoviello,1,0.01618,5644,91.31209,6181
1968,nilesh-salpe,1,0.01618,5645,91.32826,6181
1969,niloyahmedsobuj,1,0.01618,5646,91.34444,6181
1970,nimakarimi97,1,0.01618,5647,91.36062,6181
1971,niolenki,1,0.01618,5648,91.37680,6181
1972,nip1904,1,0.01618,5649,91.39298,6181
1973,nishant-dash,1,0.01618,5650,91.40916,6181
1974,nivr4,1,0.01618,5651,91.42534,6181
1975,niytdv,1,0.01618,5652,91.44151,6181
1976,njfsmallet,1,0.01618,5653,91.45769,6181
1977,nmattam,1,0.01618,5654,91.47387,6181
1978,noahabbott123,1,0.01618,5655,91.49005,6181
1979,noamelf,1,0.01618,5656,91.50623,6181
1980,NobeliY,1,0.01618,5657,91.52241,6181
1981,nodablock,1,0.01618,5658,91.53859,6181
1982,Noname-OmerR,1,0.01618,5659,91.55476,6181
1983,nonamethanks,1,0.01618,5660,91.57094,6181
1984,nookseal,1,0.01618,5661,91.58712,6181
1985,Nooraw,1,0.01618,5662,91.60330,6181
1986,NordengenT,1,0.01618,5663,91.61948,6181
1987,NoRelect,1,0.01618,5664,91.63566,6181
1988,nourakhy,1,0.01618,5665,91.65184,6181
1989,novellizator,1,0.01618,5666,91.66801,6181
1990,ns-pmistry,1,0.01618,5667,91.68419,6181
1991,nunopintocicd,1,0.01618,5668,91.70037,6181
1992,nutmix,1,0.01618,5669,91.71655,6181
1993,NValsan,1,0.01618,5670,91.73273,6181
1994,oatnog,1,0.01618,5671,91.74891,6181
1995,obs-gh-abhishekrao,1,0.01618,5672,91.76509,6181
1996,obstech01,1,0.01618,5673,91.78127,6181
1997,octomir,1,0.01618,5674,91.79744,6181
1998,odoyhaha,1,0.01618,5675,91.81362,6181
1999,ofaurax,1,0.01618,5676,91.82980,6181
2000,ofrzeta,1,0.01618,5677,91.84598,6181
2001,ognyan-lazarov-cloudoffice,1,0.01618,5678,91.86216,6181
2002,ohmayr,1,0.01618,5679,91.87834,6181
2003,Oh-Py-God,1,0.01618,5680,91.89452,6181
2004,ojiwon-kenobi,1,0.01618,5681,91.91069,6181
2005,Okan0,1,0.01618,5682,91.92687,6181
2006,okouyad,1,0.01618,5683,91.94305,6181
2007,okwilkins,1,0.01618,5684,91.95923,6181
2008,olegchir,1,0.01618,5685,91.97541,6181
2009,oleksiypavlenko,1,0.01618,5686,91.99159,6181
2010,olivierACRI,1,0.01618,5687,92.00777,6181
2011,ollie-nye,1,0.01618,5688,92.02394,6181
2012,OMikkel,1,0.01618,5689,92.04012,6181
2013,omsmartliptv,1,0.01618,5690,92.05630,6181
2014,OpenSourceMeNow,1,0.01618,5691,92.07248,6181
2015,OQCDoe,1,0.01618,5692,92.08866,6181
2016,orenMicrosoft,1,0.01618,5693,92.10484,6181
2017,oscargarciajr,1,0.01618,5694,92.12102,6181
2018,OS-tariqabbasi,1,0.01618,5695,92.13719,6181
2019,ot-lm,1,0.01618,5696,92.15337,6181
2020,ouertani,1,0.01618,5697,92.16955,6181
2021,ousmaneTra,1,0.01618,5698,92.18573,6181
2022,P0ncy,1,0.01618,5699,92.20191,6181
2023,pableess,1,0.01618,5700,92.21809,6181
2024,palmer-sn,1,0.01618,5701,92.23427,6181
2025,pauko,1,0.01618,5702,92.25044,6181
2026,paularmand,1,0.01618,5703,92.26662,6181
2027,paulhong01,1,0.01618,5704,92.28280,6181
2028,paulomf,1,0.01618,5705,92.29898,6181
2029,paul-vd,1,0.01618,5706,92.31516,6181
2030,pbdiazam,1,0.01618,5707,92.33134,6181
2031,pcullen1,1,0.01618,5708,92.34752,6181
2032,peace-jh,1,0.01618,5709,92.36370,6181
2033,peacerotimi6,1,0.01618,5710,92.37987,6181
2034,peckaj,1,0.01618,5711,92.39605,6181
2035,penguinush,1,0.01618,5712,92.41223,6181
2036,perlybird,1,0.01618,5713,92.42841,6181
2037,perminov,1,0.01618,5714,92.44459,6181
2038,pesquerra,1,0.01618,5715,92.46077,6181
2039,Petar-CV,1,0.01618,5716,92.47695,6181
2040,pF-luis,1,0.01618,5717,92.49312,6181
2041,pgillet,1,0.01618,5718,92.50930,6181
2042,pguptajsq,1,0.01618,5719,92.52548,6181
2043,ph0uad,1,0.01618,5720,92.54166,6181
2044,philippemiron,1,0.01618,5721,92.55784,6181
2045,PhoduCoder,1,0.01618,5722,92.57402,6181
2046,phorcys420,1,0.01618,5723,92.59020,6181
2047,Phu96,1,0.01618,5724,92.60637,6181
2048,phuongl-ampere,1,0.01618,5725,92.62255,6181
2049,pierrehilbert,1,0.01618,5726,92.63873,6181
2050,pigant,1,0.01618,5727,92.65491,6181
2051,Pinkigupta05,1,0.01618,5728,92.67109,6181
2052,Pintus04,1,0.01618,5729,92.68727,6181
2053,piotr-karas,1,0.01618,5730,92.70345,6181
2054,Piyush6042,1,0.01618,5731,92.71962,6181
2055,pktiuk,1,0.01618,5732,92.73580,6181
2056,playeast,1,0.01618,5733,92.75198,6181
2057,plppp2001,1,0.01618,5734,92.76816,6181
2058,pmatulis,1,0.01618,5735,92.78434,6181
2059,poorvaja-s-hub,1,0.01618,5736,92.80052,6181
2060,praddc,1,0.01618,5737,92.81670,6181
2061,pradippipaliya-inventyv,1,0.01618,5738,92.83287,6181
2062,PranoyD,1,0.01618,5739,92.84905,6181
2063,prateekatam,1,0.01618,5740,92.86523,6181
2064,pratikkava1189,1,0.01618,5741,92.88141,6181
2065,princeking,1,0.01618,5742,92.89759,6181
2066,print-sid8,1,0.01618,5743,92.91377,6181
2067,Prinzenrolle90,1,0.01618,5744,92.92995,6181
2068,prithvixi,1,0.01618,5745,92.94613,6181
2069,PriyaD17,1,0.01618,5746,92.96230,6181
2070,PriyanshuTarsauliya,1,0.01618,5747,92.97848,6181
2071,protonjhow,1,0.01618,5748,92.99466,6181
2072,prudnikov,1,0.01618,5749,93.01084,6181
2073,psoberoi,1,0.01618,5750,93.02702,6181
2074,ptgowthamd,1,0.01618,5751,93.04320,6181
2075,ptutak,1,0.01618,5752,93.05938,6181
2076,pvf4HQM6dn,1,0.01618,5753,93.07555,6181
2077,PvVismitha,1,0.01618,5754,93.09173,6181
2078,pzhen01,1,0.01618,5755,93.10791,6181
2079,qazserfv123,1,0.01618,5756,93.12409,6181
2080,qeesung,1,0.01618,5757,93.14027,6181
2081,quarckster,1,0.01618,5758,93.15645,6181
2082,quiqueg,1,0.01618,5759,93.17263,6181
2083,radarsh,1,0.01618,5760,93.18880,6181
2084,radek-otee,1,0.01618,5761,93.20498,6181
2085,raghuramlavan,1,0.01618,5762,93.22116,6181
2086,rahulbollisetty,1,0.01618,5763,93.23734,6181
2087,rahul-tkmr,1,0.01618,5764,93.25352,6181
2088,raihav,1,0.01618,5765,93.26970,6181
2089,rainystar,1,0.01618,5766,93.28588,6181
2090,rajat-rafay,1,0.01618,5767,93.30205,6181
2091,rajeshksv,1,0.01618,5768,93.31823,6181
2092,rajithrajsl,1,0.01618,5769,93.33441,6181
2093,raj-uae,1,0.01618,5770,93.35059,6181
2094,ralook9002,1,0.01618,5771,93.36677,6181
2095,RalphSmeets,1,0.01618,5772,93.38295,6181
2096,ram4444,1,0.01618,5773,93.39913,6181
2097,rasika,1,0.01618,5774,93.41530,6181
2098,rdong8,1,0.01618,5775,93.43148,6181
2099,realexcel2021,1,0.01618,5776,93.44766,6181
2100,RealFascinated,1,0.01618,5777,93.46384,6181
2101,Reallyfe,1,0.01618,5778,93.48002,6181
2102,redhug1,1,0.01618,5779,93.49620,6181
2103,ReeseGarth,1,0.01618,5780,93.51238,6181
2104,reggieroby,1,0.01618,5781,93.52856,6181
2105,reinthal,1,0.01618,5782,93.54473,6181
2106,Rekkonnect,1,0.01618,5783,93.56091,6181
2107,reshmarajan1730,1,0.01618,5784,93.57709,6181
2108,ressom,1,0.01618,5785,93.59327,6181
2109,return200,1,0.01618,5786,93.60945,6181
2110,RezaSR,1,0.01618,5787,93.62563,6181
2111,ricardosc12,1,0.01618,5788,93.64181,6181
2112,ridzuan5757,1,0.01618,5789,93.65798,6181
2113,rijenkii,1,0.01618,5790,93.67416,6181
2114,Rin0913,1,0.01618,5791,93.69034,6181
2115,Rishita-Golla,1,0.01618,5792,93.70652,6181
2116,rizlas,1,0.01618,5793,93.72270,6181
2117,Rizvi-Faiz,1,0.01618,5794,93.73888,6181
2118,rlanyi,1,0.01618,5795,93.75506,6181
2119,rmarcogaacorp,1,0.01618,5796,93.77123,6181
2120,robdatasembly,1,0.01618,5797,93.78741,6181
2121,robertaistleitner,1,0.01618,5798,93.80359,6181
2122,roberthafner,1,0.01618,5799,93.81977,6181
2123,RobertoMachorro,1,0.01618,5800,93.83595,6181
2124,robinanterior,1,0.01618,5801,93.85213,6181
2125,rodrigobersa,1,0.01618,5802,93.86831,6181
2126,RogerTinembart,1,0.01618,5803,93.88448,6181
2127,rogvc,1,0.01618,5804,93.90066,6181
2128,rohandhamapurkar,1,0.01618,5805,93.91684,6181
2129,rohi-modak-ct,1,0.01618,5806,93.93302,6181
2130,Ro-hit10,1,0.01618,5807,93.94920,6181
2131,Roipers,1,0.01618,5808,93.96538,6181
2132,Roja-Eswaran,1,0.01618,5809,93.98156,6181
2133,roman-bober-rmb,1,0.01618,5810,93.99773,6181
2134,romanj85,1,0.01618,5811,94.01391,6181
2135,RomerooIT,1,0.01618,5812,94.03009,6181
2136,ronnyaa,1,0.01618,5813,94.04627,6181
2137,Rookie0031,1,0.01618,5814,94.06245,6181
2138,rosenblueh,1,0.01618,5815,94.07863,6181
2139,rosenvered,1,0.01618,5816,94.09481,6181
2140,roshnij7,1,0.01618,5817,94.11099,6181
2141,rowdypixel,1,0.01618,5818,94.12716,6181
2142,roykharman,1,0.01618,5819,94.14334,6181
2143,rsch136,1,0.01618,5820,94.15952,6181
2144,RSteeno,1,0.01618,5821,94.17570,6181
2145,ruan875417,1,0.01618,5822,94.19188,6181
2146,ruan-oliveira,1,0.01618,5823,94.20806,6181
2147,ruant,1,0.01618,5824,94.22424,6181
2148,rubenmodamioin2,1,0.01618,5825,94.24041,6181
2149,rumor-sourse,1,0.01618,5826,94.25659,6181
2150,russReKllpotter0,1,0.01618,5827,94.27277,6181
2151,ruthcamarillo,1,0.01618,5828,94.28895,6181
2152,rv2673,1,0.01618,5829,94.30513,6181
2153,rwhundley,1,0.01618,5830,94.32131,6181
2154,s1mpr0ve,1,0.01618,5831,94.33749,6181
2155,Saad17,1,0.01618,5832,94.35366,6181
2156,sadovenk0,1,0.01618,5833,94.36984,6181
2157,sahilgupta88,1,0.01618,5834,94.38602,6181
2158,sahu-sunil,1,0.01618,5835,94.40220,6181
2159,saivd,1,0.01618,5836,94.41838,6181
2160,sakmlbb,1,0.01618,5837,94.43456,6181
2161,SalmanDeveloperz,1,0.01618,5838,94.45074,6181
2162,samed-bicer,1,0.01618,5839,94.46691,6181
2163,SamratDawn,1,0.01618,5840,94.48309,6181
2164,samuelsrd1,1,0.01618,5841,94.49927,6181
2165,sanderino666,1,0.01618,5842,94.51545,6181
2166,sandile-yakka,1,0.01618,5843,94.53163,6181
2167,sangamewin,1,0.01618,5844,94.54781,6181
2168,santiagorr,1,0.01618,5845,94.56399,6181
2169,sanxincao,1,0.01618,5846,94.58017,6181
2170,saolof,1,0.01618,5847,94.59634,6181
2171,sarinailinger,1,0.01618,5848,94.61252,6181
2172,saroj-samal,1,0.01618,5849,94.62870,6181
2173,satand,1,0.01618,5850,94.64488,6181
2174,sawogus29,1,0.01618,5851,94.66106,6181
2175,Sawraz-OpenRef,1,0.01618,5852,94.67724,6181
2176,sbyrne-teck,1,0.01618,5853,94.69342,6181
2177,ScAmp3R,1,0.01618,5854,94.70959,6181
2178,scanfield-openai,1,0.01618,5855,94.72577,6181
2179,s-chance,1,0.01618,5856,94.74195,6181
2180,scoplin,1,0.01618,5857,94.75813,6181
2181,Scrat94,1,0.01618,5858,94.77431,6181
2182,SebastiaanDev,1,0.01618,5859,94.79049,6181
2183,sebold-minova,1,0.01618,5860,94.80667,6181
2184,sebypp,1,0.01618,5861,94.82284,6181
2185,sefamertkaya,1,0.01618,5862,94.83902,6181
2186,seffparker,1,0.01618,5863,94.85520,6181
2187,senelschikov,1,0.01618,5864,94.87138,6181
2188,Seraphyno,1,0.01618,5865,94.88756,6181
2189,sergeykranga,1,0.01618,5866,94.90374,6181
2190,SergiiGlad,1,0.01618,5867,94.91992,6181
2191,sestuna117,1,0.01618,5868,94.93609,6181
2192,sezenerdem,1,0.01618,5869,94.95227,6181
2193,sfc-gh-agoldstein,1,0.01618,5870,94.96845,6181
2194,sfc-gh-vguttha,1,0.01618,5871,94.98463,6181
2195,SFQEP,1,0.01618,5872,95.00081,6181
2196,sgsharma,1,0.01618,5873,95.01699,6181
2197,shaharz,1,0.01618,5874,95.03317,6181
2198,shalevbell,1,0.01618,5875,95.04934,6181
2199,shaqtsui,1,0.01618,5876,95.06552,6181
2200,SharkyRawr,1,0.01618,5877,95.08170,6181
2201,shashikrout,1,0.01618,5878,95.09788,6181
2202,shearn89,1,0.01618,5879,95.11406,6181
2203,shershen0,1,0.01618,5880,95.13024,6181
2204,shichengripple001,1,0.01618,5881,95.14642,6181
2205,shikhartanwar,1,0.01618,5882,95.16260,6181
2206,Shivam250702,1,0.01618,5883,95.17877,6181
2207,shivamjaiswal424,1,0.01618,5884,95.19495,6181
2208,showalter,1,0.01618,5885,95.21113,6181
2209,shresht-datastax,1,0.01618,5886,95.22731,6181
2210,Shresth72,1,0.01618,5887,95.24349,6181
2211,Shreyank031,1,0.01618,5888,95.25967,6181
2212,shubhamvk03,1,0.01618,5889,95.27585,6181
2213,shunwatai,1,0.01618,5890,95.29202,6181
2214,SID21MAH,1,0.01618,5891,95.30820,6181
2215,siddhi46,1,0.01618,5892,95.32438,6181
2216,sidepelican,1,0.01618,5893,95.34056,6181
2217,sienkiewiczkm,1,0.01618,5894,95.35674,6181
2218,Silica96,1,0.01618,5895,95.37292,6181
2219,simon-scherzinger,1,0.01618,5896,95.38910,6181
2220,sinfull1,1,0.01618,5897,95.40527,6181
2221,sionescu,1,0.01618,5898,95.42145,6181
2222,sivasankarig,1,0.01618,5899,95.43763,6181
2223,skhilar,1,0.01618,5900,95.45381,6181
2224,skissane-medallia,1,0.01618,5901,95.46999,6181
2225,skraehertopdev,1,0.01618,5902,95.48617,6181
2226,skripted-io,1,0.01618,5903,95.50235,6181
2227,sky003,1,0.01618,5904,95.51852,6181
2228,SkySibe,1,0.01618,5905,95.53470,6181
2229,slowtacocar,1,0.01618,5906,95.55088,6181
2230,slysunkin,1,0.01618,5907,95.56706,6181
2231,SmajlovicA,1,0.01618,5908,95.58324,6181
2232,SMichalet,1,0.01618,5909,95.59942,6181
2233,smith518,1,0.01618,5910,95.61560,6181
2234,smiyc,1,0.01618,5911,95.63177,6181
2235,smthngslv,1,0.01618,5912,95.64795,6181
2236,sn3hay,1,0.01618,5913,95.66413,6181
2237,sna6mu,1,0.01618,5914,95.68031,6181
2238,solonkonora,1,0.01618,5915,95.69649,6181
2239,solutus,1,0.01618,5916,95.71267,6181
2240,SonalEric,1,0.01618,5917,95.72885,6181
2241,songbu,1,0.01618,5918,95.74503,6181
2242,Sonubj7,1,0.01618,5919,95.76120,6181
2243,sonuverma1505,1,0.01618,5920,95.77738,6181
2244,souliot,1,0.01618,5921,95.79356,6181
2245,Sp4m4,1,0.01618,5922,95.80974,6181
2246,Spliterash,1,0.01618,5923,95.82592,6181
2247,spy16x,1,0.01618,5924,95.84210,6181
2248,sramkumars,1,0.01618,5925,95.85828,6181
2249,srivatsav1998,1,0.01618,5926,95.87445,6181
2250,srivenkatareddy,1,0.01618,5927,95.89063,6181
2251,sroy07,1,0.01618,5928,95.90681,6181
2252,sruthibandha,1,0.01618,5929,95.92299,6181
2253,sruziev,1,0.01618,5930,95.93917,6181
2254,sseveran,1,0.01618,5931,95.95535,6181
2255,sstulman,1,0.01618,5932,95.97153,6181
2256,ssurenr,1,0.01618,5933,95.98770,6181
2257,ssyounger,1,0.01618,5934,96.00388,6181
2258,standard-librarian,1,0.01618,5935,96.02006,6181
2259,stan-fu,1,0.01618,5936,96.03624,6181
2260,Stanislava101,1,0.01618,5937,96.05242,6181
2261,stathisb,1,0.01618,5938,96.06860,6181
2262,stavvy-cgill,1,0.01618,5939,96.08478,6181
2263,stefanfvast,1,0.01618,5940,96.10095,6181
2264,StefanIGit,1,0.01618,5941,96.11713,6181
2265,Stefan-Raspl,1,0.01618,5942,96.13331,6181
2266,stephanwehr,1,0.01618,5943,96.14949,6181
2267,steve2030,1,0.01618,5944,96.16567,6181
2268,stevemadere,1,0.01618,5945,96.18185,6181
2269,Steve-Rithmik,1,0.01618,5946,96.19803,6181
2270,stkvs,1,0.01618,5947,96.21420,6181
2271,StMakhov,1,0.01618,5948,96.23038,6181
2272,suavebajaj,1,0.01618,5949,96.24656,6181
2273,subhanshu-shukla-ril,1,0.01618,5950,96.26274,6181
2274,subramaniam-venkatachalam,1,0.01618,5951,96.27892,6181
2275,Sudhanshu-Bharti,1,0.01618,5952,96.29510,6181
2276,suganselvaraj,1,0.01618,5953,96.31128,6181
2277,sumanjeet0012,1,0.01618,5954,96.32746,6181
2278,Sumanthkumar-devops,1,0.01618,5955,96.34363,6181
2279,Super1Windcloud,1,0.01618,5956,96.35981,6181
2280,superlazyname,1,0.01618,5957,96.37599,6181
2281,sureshmoligi,1,0.01618,5958,96.39217,6181
2282,suttonskate,1,0.01618,5959,96.40835,6181
2283,Svastikkka,1,0.01618,5960,96.42453,6181
2284,SVivekThapa,1,0.01618,5961,96.44071,6181
2285,svrancean,1,0.01618,5962,96.45688,6181
2286,swashtek,1,0.01618,5963,96.47306,6181
2287,swchand,1,0.01618,5964,96.48924,6181
2288,swrfgvwerwef,1,0.01618,5965,96.50542,6181
2289,symaras,1,0.01618,5966,96.52160,6181
2290,synackSA,1,0.01618,5967,96.53778,6181
2291,syncro,1,0.01618,5968,96.55396,6181
2292,sysadminLiga,1,0.01618,5969,96.57013,6181
2293,szczyrja,1,0.01618,5970,96.58631,6181
2294,t673afa,1,0.01618,5971,96.60249,6181
2295,tadlakha9,1,0.01618,5972,96.61867,6181
2296,tarinagarwal,1,0.01618,5973,96.63485,6181
2297,Tata-asha,1,0.01618,5974,96.65103,6181
2298,tbrynhildsen,1,0.01618,5975,96.66721,6181
2299,tc19901016,1,0.01618,5976,96.68338,6181
2300,tc87,1,0.01618,5977,96.69956,6181
2301,teamosceola,1,0.01618,5978,96.71574,6181
2302,tedimihailescu,1,0.01618,5979,96.73192,6181
2303,Thatchidinma,1,0.01618,5980,96.74810,6181
2304,TheBigK02,1,0.01618,5981,96.76428,6181
2305,thecodemustgrow,1,0.01618,5982,96.78046,6181
2306,thedarkjimmy,1,0.01618,5983,96.79663,6181
2307,thelabcat,1,0.01618,5984,96.81281,6181
2308,theMalapeno,1,0.01618,5985,96.82899,6181
2309,the-paulus,1,0.01618,5986,96.84517,6181
2310,thepkc,1,0.01618,5987,96.86135,6181
2311,Thermotronica,1,0.01618,5988,96.87753,6181
2312,thilee-siva,1,0.01618,5989,96.89371,6181
2313,thillerson,1,0.01618,5990,96.90989,6181
2314,thomasletsch,1,0.01618,5991,96.92606,6181
2315,thomasthep,1,0.01618,5992,96.94224,6181
2316,ThomasVerhoeven1998,1,0.01618,5993,96.95842,6181
2317,thomas-wangler,1,0.01618,5994,96.97460,6181
2318,Thrynk,1,0.01618,5995,96.99078,6181
2319,tiagoborzino,1,0.01618,5996,97.00696,6181
2320,tianjianjiang,1,0.01618,5997,97.02314,6181
2321,tienlq2011,1,0.01618,5998,97.03931,6181
2322,TiepiNL,1,0.01618,5999,97.05549,6181
2323,TimeXZone-ccp,1,0.01618,6000,97.07167,6181
2324,timvia,1,0.01618,6001,97.08785,6181
2325,tinyjacky,1,0.01618,6002,97.10403,6181
2326,TiTime,1,0.01618,6003,97.12021,6181
2327,tiwudickson,1,0.01618,6004,97.13639,6181
2328,tjsteinhaus,1,0.01618,6005,97.15256,6181
2329,tobito1,1,0.01618,6006,97.16874,6181
2330,tobz1000,1,0.01618,6007,97.18492,6181
2331,tolgaOzen,1,0.01618,6008,97.20110,6181
2332,tomaszwisniewski,1,0.01618,6009,97.21728,6181
2333,tomeroszlak,1,0.01618,6010,97.23346,6181
2334,tomlnd,1,0.01618,6011,97.24964,6181
2335,tonylee-shopback,1,0.01618,6012,97.26581,6181
2336,torimono,1,0.01618,6013,97.28199,6181
2337,Toumash,1,0.01618,6014,97.29817,6181
2338,tpretz,1,0.01618,6015,97.31435,6181
2339,trepository,1,0.01618,6016,97.33053,6181
2340,trexorobotics,1,0.01618,6017,97.34671,6181
2341,triveni-k,1,0.01618,6018,97.36289,6181
2342,trplx666,1,0.01618,6019,97.37906,6181
2343,TrungKenbi,1,0.01618,6020,97.39524,6181
2344,ttsuuubasa,1,0.01618,6021,97.41142,6181
2345,tuana9a,1,0.01618,6022,97.42760,6181
2346,tuliorezende,1,0.01618,6023,97.44378,6181
2347,tunedev,1,0.01618,6024,97.45996,6181
2348,turneand,1,0.01618,6025,97.47614,6181
2349,TusharMohapatra07,1,0.01618,6026,97.49232,6181
2350,tvikure,1,0.01618,6027,97.50849,6181
2351,udishkumar,1,0.01618,6028,97.52467,6181
2352,ufo1990,1,0.01618,6029,97.54085,6181
2353,ugurgural,1,0.01618,6030,97.55703,6181
2354,ujjwaltewatia12,1,0.01618,6031,97.57321,6181
2355,ukunPro,1,0.01618,6032,97.58939,6181
2356,ulbi,1,0.01618,6033,97.60557,6181
2357,unarep,1,0.01618,6034,97.62174,6181
2358,unbelauscht,1,0.01618,6035,97.63792,6181
2359,unexge,1,0.01618,6036,97.65410,6181
2360,urcus,1,0.01618,6037,97.67028,6181
2361,uri-lightblocks,1,0.01618,6038,97.68646,6181
2362,uwe-mayer,1,0.01618,6039,97.70264,6181
2363,VaclavMacha,1,0.01618,6040,97.71882,6181
2364,vaibhav93076,1,0.01618,6041,97.73499,6181
2365,vaish0117,1,0.01618,6042,97.75117,6181
2366,Vaitek,1,0.01618,6043,97.76735,6181
2367,vakarisbk,1,0.01618,6044,97.78353,6181
2368,valentin-p,1,0.01618,6045,97.79971,6181
2369,vamsitp,1,0.01618,6046,97.81589,6181
2370,vandernunes,1,0.01618,6047,97.83207,6181
2371,Vaniog,1,0.01618,6048,97.84824,6181
2372,vansin,1,0.01618,6049,97.86442,6181
2373,vape-spryker,1,0.01618,6050,97.88060,6181
2374,Varma0604,1,0.01618,6051,97.89678,6181
2375,varma-maryala,1,0.01618,6052,97.91296,6181
2376,varunwahi-plivo,1,0.01618,6053,97.92914,6181
2377,vasudha-devarakonda,1,0.01618,6054,97.94532,6181
2378,vdamov,1,0.01618,6055,97.96149,6181
2379,VenkatJey,1,0.01618,6056,97.97767,6181
2380,VenuEmmadi,1,0.01618,6057,97.99385,6181
2381,verhelstq,1,0.01618,6058,98.01003,6181
2382,vernonr3,1,0.01618,6059,98.02621,6181
2383,versechen,1,0.01618,6060,98.04239,6181
2384,vg-bharathan-rajaram,1,0.01618,6061,98.05857,6181
2385,vickova,1,0.01618,6062,98.07475,6181
2386,vidhvath28,1,0.01618,6063,98.09092,6181
2387,vidyasagarp12,1,0.01618,6064,98.10710,6181
2388,vijay2910,1,0.01618,6065,98.12328,6181
2389,vijayreddy29,1,0.01618,6066,98.13946,6181
2390,viniciusczar,1,0.01618,6067,98.15564,6181
2391,vinnacodes,1,0.01618,6068,98.17182,6181
2392,vipulmalgotra,1,0.01618,6069,98.18800,6181
2393,Vishva066,1,0.01618,6070,98.20417,6181
2394,vitormazzi,1,0.01618,6071,98.22035,6181
2395,VitusAcabado,1,0.01618,6072,98.23653,6181
2396,vivek-opsverse,1,0.01618,6073,98.25271,6181
2397,VividhPandey003,1,0.01618,6074,98.26889,6181
2398,vnavalianyi,1,0.01618,6075,98.28507,6181
2399,vNNi,1,0.01618,6076,98.30125,6181
2400,vonchenplus,1,0.01618,6077,98.31742,6181
2401,vovaryadovoy,1,0.01618,6078,98.33360,6181
2402,vulkomilev,1,0.01618,6079,98.34978,6181
2403,vuquangthinh,1,0.01618,6080,98.36596,6181
2404,vvarala1,1,0.01618,6081,98.38214,6181
2405,wail-asad,1,0.01618,6082,98.39832,6181
2406,wallyrion,1,0.01618,6083,98.41450,6181
2407,walter-0,1,0.01618,6084,98.43067,6181
2408,wardahub-design,1,0.01618,6085,98.44685,6181
2409,WashingtonGT,1,0.01618,6086,98.46303,6181
2410,webbedpiyush,1,0.01618,6087,98.47921,6181
2411,webbunivAdmin,1,0.01618,6088,98.49539,6181
2412,webgamedevelop,1,0.01618,6089,98.51157,6181
2413,weg-da,1,0.01618,6090,98.52775,6181
2414,welaunchcn,1,0.01618,6091,98.54392,6181
2415,WiktorMadejski,1,0.01618,6092,98.56010,6181
2416,willcoderhz,1,0.01618,6093,98.57628,6181
2417,willsmithgithub,1,0.01618,6094,98.59246,6181
2418,wilson-matthew,1,0.01618,6095,98.60864,6181
2419,WizMe-M,1,0.01618,6096,98.62482,6181
2420,wJunjie-1995,1,0.01618,6097,98.64100,6181
2421,wkd3475,1,0.01618,6098,98.65718,6181
2422,WookiesRpeople2,1,0.01618,6099,98.67335,6181
2423,WQL782795,1,0.01618,6100,98.68953,6181
2424,wtvamp,1,0.01618,6101,98.70571,6181
2425,WY-Dev0,1,0.01618,6102,98.72189,6181
2426,wzy9607,1,0.01618,6103,98.73807,6181
2427,Xhale1,1,0.01618,6104,98.75425,6181
2428,xiaoliang-liu,1,0.01618,6105,98.77043,6181
2429,xiaoqiangYue,1,0.01618,6106,98.78660,6181
2430,xiyu1sun20230911,1,0.01618,6107,98.80278,6181
2431,xlgzsgf,1,0.01618,6108,98.81896,6181
2432,xlight,1,0.01618,6109,98.83514,6181
2433,xnet-mobile,1,0.01618,6110,98.85132,6181
2434,XSanquer,1,0.01618,6111,98.86750,6181
2435,xugy99,1,0.01618,6112,98.88368,6181
2436,yael-spinner,1,0.01618,6113,98.89985,6181
2437,yakjuly,1,0.01618,6114,98.91603,6181
2438,yamoyamoto,1,0.01618,6115,98.93221,6181
2439,YanniHu1996,1,0.01618,6116,98.94839,6181
2440,yash-opstree,1,0.01618,6117,98.96457,6181
2441,yaten2302,1,0.01618,6118,98.98075,6181
2442,yenslife,1,0.01618,6119,98.99693,6181
2443,yfrdh,1,0.01618,6120,99.01310,6181
2444,yhsparrow,1,0.01618,6121,99.02928,6181
2445,YichunLu,1,0.01618,6122,99.04546,6181
2446,yifengwang66,1,0.01618,6123,99.06164,6181
2447,yijeong,1,0.01618,6124,99.07782,6181
2448,yimliuwork,1,0.01618,6125,99.09400,6181
2449,yingyugang,1,0.01618,6126,99.11018,6181
2450,yitzhaktal,1,0.01618,6127,99.12635,6181
2451,yiyinglai,1,0.01618,6128,99.14253,6181
2452,yoshihiro-shu,1,0.01618,6129,99.15871,6181
2453,Youpiiiii,1,0.01618,6130,99.17489,6181
2454,ysj2018,1,0.01618,6131,99.19107,6181
2455,ystae-mantech,1,0.01618,6132,99.20725,6181
2456,yuanyuefeng,1,0.01618,6133,99.22343,6181
2457,yuehaii,1,0.01618,6134,99.23961,6181
2458,yunusefendi52,1,0.01618,6135,99.25578,6181
2459,Yutsuro,1,0.01618,6136,99.27196,6181
2460,yuvalshp,1,0.01618,6137,99.28814,6181
2461,yVolkovHacken,1,0.01618,6138,99.30432,6181
2462,yxusnapchat,1,0.01618,6139,99.32050,6181
2463,yyardeng,1,0.01618,6140,99.33668,6181
2464,Z-Abera,1,0.01618,6141,99.35286,6181
2465,zachlieberman,1,0.01618,6142,99.36903,6181
2466,zakariamanssouri,1,0.01618,6143,99.38521,6181
2467,zeinalii,1,0.01618,6144,99.40139,6181
2468,zekiyeaydemir,1,0.01618,6145,99.41757,6181
2469,zendet,1,0.01618,6146,99.43375,6181
2470,zeroshift,1,0.01618,6147,99.44993,6181
2471,zhanbei1,1,0.01618,6148,99.46611,6181
2472,zhongcloudtian,1,0.01618,6149,99.48228,6181
2473,zioalca,1,0.01618,6150,99.49846,6181
2474,zli689,1,0.01618,6151,99.51464,6181
2475,zloof,1,0.01618,6152,99.53082,6181
2476,zozfabio,1,0.01618,6153,99.54700,6181
2477,zsoli69,1,0.01618,6154,99.56318,6181
2478,zursch,1,0.01618,6155,99.57936,6181
2479,Zwiqler94,1,0.01618,6156,99.59553,6181
2480,zybtakeit,1,0.01618,6157,99.61171,6181
2481,zys864,1,0.01618,6158,99.62789,6181
2482,zzz8825,1,0.01618,6159,99.64407,6181
