rank_number,actor,contributions,percent,cumulative_sum,cumulative_percent,all_contributions
1,Luap99,21848,7.14821,21848,7.14821,305643
2,flouthoc,9512,3.11213,31360,10.26034,305643
3,ashley-cui,2793,0.91381,34153,11.17415,305643
4,cdoern,2314,0.75709,36467,11.93124,305643
5,n1hility,1401,0.45838,37868,12.38962,305643
6,ygalblum,1370,0.44824,39238,12.83785,305643
7,eriksjolund,703,0.23001,39941,13.06786,305643
8,sbrivio-rh,689,0.22543,40630,13.29329,305643
9,arixmkii,549,0.17962,41179,13.47291,305643
10,jakecorrenti,527,0.17242,41706,13.64533,305643
11,vikas-goel,413,0.13512,42119,13.78046,305643
12,sstosh,356,0.11648,42475,13.89693,305643
13,inknos,352,0.11517,42827,14.01210,305643
14,Honny1,284,0.09292,43111,14.10502,305643
15,PavelSosin-320,245,0.08016,43356,14.18518,305643
16,srcshelton,244,0.07983,43600,14.26501,305643
17,tnk4on,241,0.07885,43841,14.34386,305643
18,BlackHole1,208,0.06805,44049,14.41191,305643
19,dilyanpalauzov,201,0.06576,44250,14.47767,305643
20,jnovy,192,0.06282,44442,14.54049,305643
21,debarshiray,191,0.06249,44633,14.60298,305643
22,infiniteregrets,168,0.05497,44801,14.65795,305643
23,grisu48,130,0.04253,44931,14.70048,305643
24,MartinX3,127,0.04155,45058,14.74204,305643
25,tobwen,121,0.03959,45179,14.78162,305643
26,tyler92,117,0.03828,45296,14.81990,305643
27,goochjj,116,0.03795,45412,14.85786,305643
28,bblenard,115,0.03763,45527,14.89548,305643
29,Procyhon,108,0.03534,45635,14.93082,305643
30,Cydox,99,0.03239,45734,14.96321,305643
31,cgiradkar,98,0.03206,45832,14.99527,305643
32,M1cha,98,0.03206,45930,15.02734,305643
33,unknowndevQwQ,98,0.03206,46028,15.05940,305643
34,Hi-Angel,92,0.03010,46120,15.08950,305643
35,rugk,89,0.02912,46209,15.11862,305643
36,mlegenovic,83,0.02716,46292,15.14577,305643
37,PhrozenByte,80,0.02617,46372,15.17195,305643
38,ParkerVR,77,0.02519,46449,15.19714,305643
39,rittneje,77,0.02519,46526,15.22233,305643
40,esendjer,74,0.02421,46600,15.24655,305643
41,ttys3,74,0.02421,46674,15.27076,305643
42,gjenkins8,73,0.02388,46747,15.29464,305643
43,luckylinux,73,0.02388,46820,15.31853,305643
44,KCSesh,72,0.02356,46892,15.34208,305643
45,riyad,69,0.02258,46961,15.36466,305643
46,HarryMichal,67,0.02192,47028,15.38658,305643
47,idleroamer,66,0.02159,47094,15.40817,305643
48,milanbalazs,63,0.02061,47157,15.42878,305643
49,msisj,63,0.02061,47220,15.44940,305643
50,sshnaidm,63,0.02061,47283,15.47001,305643
51,arctic-alpaca,62,0.02029,47345,15.49029,305643
52,unknowndev233,62,0.02029,47407,15.51058,305643
53,xduugu,62,0.02029,47469,15.53086,305643
54,psakar,60,0.01963,47529,15.55050,305643
55,rahilarious,60,0.01963,47589,15.57013,305643
56,Sativarsainath-26,60,0.01963,47649,15.58976,305643
57,D3vil0p3r,59,0.01930,47708,15.60906,305643
58,topas-rec,59,0.01930,47767,15.62836,305643
59,basilgello,58,0.01898,47825,15.64734,305643
60,gtjoseph,58,0.01898,47883,15.66632,305643
61,42wim,57,0.01865,47940,15.68497,305643
62,akostadinov,56,0.01832,47996,15.70329,305643
63,apollo13,56,0.01832,48052,15.72161,305643
64,skorhone,56,0.01832,48108,15.73993,305643
65,jaikiran,55,0.01799,48163,15.75793,305643
66,nicrowe00,55,0.01799,48218,15.77592,305643
67,xatier,55,0.01799,48273,15.79392,305643
68,c-goes,54,0.01767,48327,15.81158,305643
69,djarbz,54,0.01767,48381,15.82925,305643
70,djnotes,54,0.01767,48435,15.84692,305643
71,zackattackz,53,0.01734,48488,15.86426,305643
72,ananthb,51,0.01669,48539,15.88095,305643
73,sachinkaushik,51,0.01669,48590,15.89763,305643
74,SoMuchForSubtlety,50,0.01636,48640,15.91399,305643
75,kazimsarikaya,49,0.01603,48689,15.93002,305643
76,praiskup,49,0.01603,48738,15.94605,305643
77,1player,48,0.01570,48786,15.96176,305643
78,matpen,48,0.01570,48834,15.97746,305643
79,nivekuil,48,0.01570,48882,15.99317,305643
80,rvandernoort,48,0.01570,48930,16.00887,305643
81,serprex,48,0.01570,48978,16.02458,305643
82,carbonin,47,0.01538,49025,16.03996,305643
83,chenk008,47,0.01538,49072,16.05533,305643
84,imperialguy,47,0.01538,49119,16.07071,305643
85,jamescassell,47,0.01538,49166,16.08609,305643
86,jwillikers,47,0.01538,49213,16.10146,305643
87,quantum77,47,0.01538,49260,16.11684,305643
88,ruihe774,47,0.01538,49307,16.13222,305643
89,leahneukirchen,46,0.01505,49353,16.14727,305643
90,shanesmith,46,0.01505,49399,16.16232,305643
91,daiaji,45,0.01472,49444,16.17704,305643
92,jpalus,45,0.01472,49489,16.19177,305643
93,arizvisa,43,0.01407,49532,16.20583,305643
94,bitstrings,43,0.01407,49575,16.21990,305643
95,deliciouslytyped,43,0.01407,49618,16.23397,305643
96,maybe-sybr,43,0.01407,49661,16.24804,305643
97,fansari,42,0.01374,49703,16.26178,305643
98,pixdrift,42,0.01374,49745,16.27552,305643
99,pclass-sensonix,41,0.01341,49786,16.28894,305643
100,alitvak69,40,0.01309,49826,16.30203,305643
101,jmaibaum,40,0.01309,49866,16.31511,305643
102,jskovjyskebankdk,40,0.01309,49906,16.32820,305643
103,lmgray,40,0.01309,49946,16.34129,305643
104,michalbiesek,40,0.01309,49986,16.35437,305643
105,Shivkumar13,40,0.01309,50026,16.36746,305643
106,zeehio,40,0.01309,50066,16.38055,305643
107,edigaryev,39,0.01276,50105,16.39331,305643
108,fixomatic-ctrl,39,0.01276,50144,16.40607,305643
109,hanwen-flow,39,0.01276,50183,16.41883,305643
110,millerthegorilla,39,0.01276,50222,16.43159,305643
111,parmentelat,39,0.01276,50261,16.44435,305643
112,mateuszkwiatkowski,38,0.01243,50299,16.45678,305643
113,oskarirauta,38,0.01243,50337,16.46921,305643
114,r10r,38,0.01243,50375,16.48165,305643
115,towe75,38,0.01243,50413,16.49408,305643
116,computator,37,0.01211,50450,16.50619,305643
117,gordonmessmer,37,0.01211,50487,16.51829,305643
118,GrabbenD,37,0.01211,50524,16.53040,305643
119,ikke-t,37,0.01211,50561,16.54250,305643
120,karthikelango137,37,0.01211,50598,16.55461,305643
121,kousu,37,0.01211,50635,16.56671,305643
122,lovette,37,0.01211,50672,16.57882,305643
123,fpoirotte,36,0.01178,50708,16.59060,305643
124,ocafebabe,36,0.01178,50744,16.60238,305643
125,svdHero,36,0.01178,50780,16.61415,305643
126,travier,36,0.01178,50816,16.62593,305643
127,5eraph,35,0.01145,50851,16.63738,305643
128,dvzrv,35,0.01145,50886,16.64884,305643
129,george-harness,35,0.01145,50921,16.66029,305643
130,stellarpower,35,0.01145,50956,16.67174,305643
131,jerome59,34,0.01112,50990,16.68286,305643
132,jfroy,34,0.01112,51024,16.69399,305643
133,w4tsn,34,0.01112,51058,16.70511,305643
134,AndASM,33,0.01080,51091,16.71591,305643
135,Edward5hen,33,0.01080,51124,16.72670,305643
136,ericzolf,33,0.01080,51157,16.73750,305643
137,lambinoo,33,0.01080,51190,16.74830,305643
138,odockal,33,0.01080,51223,16.75909,305643
139,pendulm,33,0.01080,51256,16.76989,305643
140,sampie,33,0.01080,51289,16.78069,305643
141,ydayagi,33,0.01080,51322,16.79149,305643
142,andrew-kennedy,32,0.01047,51354,16.80196,305643
143,dashea,32,0.01047,51386,16.81242,305643
144,joequant,32,0.01047,51418,16.82289,305643
145,MrErr,32,0.01047,51450,16.83336,305643
146,amokkara,31,0.01014,51481,16.84351,305643
147,bjorndown,31,0.01014,51512,16.85365,305643
148,Dexus,31,0.01014,51543,16.86379,305643
149,gavinkflam,31,0.01014,51574,16.87393,305643
150,junaruga,31,0.01014,51605,16.88408,305643
151,likan999,31,0.01014,51636,16.89422,305643
152,linggao,31,0.01014,51667,16.90436,305643
153,marshall-lee,31,0.01014,51698,16.91450,305643
154,StayPirate,31,0.01014,51729,16.92465,305643
155,wagoodman,31,0.01014,51760,16.93479,305643
156,h-vetinari,30,0.00982,51790,16.94461,305643
157,j0057,30,0.00982,51820,16.95442,305643
158,MattBelle,30,0.00982,51850,16.96424,305643
159,Saroufim,30,0.00982,51880,16.97405,305643
160,WesselAtWork,30,0.00982,51910,16.98387,305643
161,yangm97,30,0.00982,51940,16.99368,305643
162,bbros-dev,29,0.00949,51969,17.00317,305643
163,chen-zhuohan,29,0.00949,51998,17.01266,305643
164,fedinskiy,29,0.00949,52027,17.02215,305643
165,francisbergin,29,0.00949,52056,17.03163,305643
166,gregoryboue,29,0.00949,52085,17.04112,305643
167,JayDoubleu,29,0.00949,52114,17.05061,305643
168,kgibm,29,0.00949,52143,17.06010,305643
169,LewisGaul,29,0.00949,52172,17.06959,305643
170,mwoodpatrick,29,0.00949,52201,17.07908,305643
171,rgov,29,0.00949,52230,17.08856,305643
172,slartibart70,29,0.00949,52259,17.09805,305643
173,urbenlegend,29,0.00949,52288,17.10754,305643
174,byarbrough,28,0.00916,52316,17.11670,305643
175,coco80021,28,0.00916,52344,17.12586,305643
176,daniel-wtd,28,0.00916,52372,17.13502,305643
177,deuill,28,0.00916,52400,17.14418,305643
178,husseinferas,28,0.00916,52428,17.15335,305643
179,mbargull,28,0.00916,52456,17.16251,305643
180,mglantz,28,0.00916,52484,17.17167,305643
181,n8henrie,28,0.00916,52512,17.18083,305643
182,noracenofun,28,0.00916,52540,17.18999,305643
183,p0da,28,0.00916,52568,17.19915,305643
184,SamirPS,28,0.00916,52596,17.20831,305643
185,yrro,28,0.00916,52624,17.21747,305643
186,zvier,28,0.00916,52652,17.22663,305643
187,bachradsusi,27,0.00883,52679,17.23547,305643
188,clobrano,27,0.00883,52706,17.24430,305643
189,kriansa,27,0.00883,52733,17.25314,305643
190,kwshi,27,0.00883,52760,17.26197,305643
191,smac89,27,0.00883,52787,17.27080,305643
192,xiaotuanyu120,27,0.00883,52814,17.27964,305643
193,yangfeiyu20102011,27,0.00883,52841,17.28847,305643
194,zhenya-1007,27,0.00883,52868,17.29730,305643
195,allisonkarlitskaya,26,0.00851,52894,17.30581,305643
196,arsenalzp,26,0.00851,52920,17.31432,305643
197,buck2202,26,0.00851,52946,17.32282,305643
198,jahamilton12121,26,0.00851,52972,17.33133,305643
199,kernelmethod,26,0.00851,52998,17.33984,305643
200,mhjacks,26,0.00851,53024,17.34834,305643
201,Mingli-Yu,26,0.00851,53050,17.35685,305643
202,WhyNotHugo,26,0.00851,53076,17.36536,305643
203,anderbubble,25,0.00818,53101,17.37354,305643
204,AndydeCleyre,25,0.00818,53126,17.38172,305643
205,biergit,25,0.00818,53151,17.38990,305643
206,devurandom,25,0.00818,53176,17.39808,305643
207,hoshsadiq,25,0.00818,53201,17.40626,305643
208,kpelzel,25,0.00818,53226,17.41443,305643
209,marinmo,25,0.00818,53251,17.42261,305643
210,mariushoch,25,0.00818,53276,17.43079,305643
211,markstos,25,0.00818,53301,17.43897,305643
212,mrinaldhillon,25,0.00818,53326,17.44715,305643
213,philnalwalker,25,0.00818,53351,17.45533,305643
214,SaurabhAhuja1983,25,0.00818,53376,17.46351,305643
215,Yajo,25,0.00818,53401,17.47169,305643
216,cpolizzi,24,0.00785,53425,17.47954,305643
217,DanHam,24,0.00785,53449,17.48740,305643
218,Fak3,24,0.00785,53473,17.49525,305643
219,fulldecent,24,0.00785,53497,17.50310,305643
220,JCBird1012,24,0.00785,53521,17.51095,305643
221,jesperpedersen,24,0.00785,53545,17.51880,305643
222,marusak,24,0.00785,53569,17.52666,305643
223,meln5674,24,0.00785,53593,17.53451,305643
224,mh21,24,0.00785,53617,17.54236,305643
225,nolange,24,0.00785,53641,17.55021,305643
226,olivergs,24,0.00785,53665,17.55807,305643
227,patrycja-guzik,24,0.00785,53689,17.56592,305643
228,pboguslawski,24,0.00785,53713,17.57377,305643
229,penn5,24,0.00785,53737,17.58162,305643
230,tppalani,24,0.00785,53761,17.58948,305643
231,vincentywdeng,24,0.00785,53785,17.59733,305643
232,wwilson,24,0.00785,53809,17.60518,305643
233,agorgl,23,0.00753,53832,17.61271,305643
234,bziemons,23,0.00753,53855,17.62023,305643
235,christian-korneck,23,0.00753,53878,17.62776,305643
236,clarfonthey,23,0.00753,53901,17.63528,305643
237,EvanCarroll,23,0.00753,53924,17.64281,305643
238,fatherlinux,23,0.00753,53947,17.65033,305643
239,gotmax23,23,0.00753,53970,17.65786,305643
240,gupttaru,23,0.00753,53993,17.66538,305643
241,jackgris,23,0.00753,54016,17.67291,305643
242,larrycai,23,0.00753,54039,17.68043,305643
243,muayyad-alsadi,23,0.00753,54062,17.68796,305643
244,rlpowell,23,0.00753,54085,17.69548,305643
245,srd424,23,0.00753,54108,17.70301,305643
246,st1971,23,0.00753,54131,17.71053,305643
247,storrgie,23,0.00753,54154,17.71806,305643
248,vlk-charles,23,0.00753,54177,17.72558,305643
249,Arcitec,22,0.00720,54199,17.73278,305643
250,balamuruganravi,22,0.00720,54221,17.73998,305643
251,bugfood,22,0.00720,54243,17.74718,305643
252,burhan,22,0.00720,54265,17.75437,305643
253,groovyman,22,0.00720,54287,17.76157,305643
254,grzegorzk,22,0.00720,54309,17.76877,305643
255,JacobCallahan,22,0.00720,54331,17.77597,305643
256,jayaddison,22,0.00720,54353,17.78317,305643
257,KKoukiou,22,0.00720,54375,17.79036,305643
258,kurt-google,22,0.00720,54397,17.79756,305643
259,leolovejj,22,0.00720,54419,17.80476,305643
260,liuming50,22,0.00720,54441,17.81196,305643
261,mohanboddu,22,0.00720,54463,17.81916,305643
262,oblitum,22,0.00720,54485,17.82635,305643
263,polygamma,22,0.00720,54507,17.83355,305643
264,ranjithrajaram,22,0.00720,54529,17.84075,305643
265,Ristovski,22,0.00720,54551,17.84795,305643
266,thediveo,22,0.00720,54573,17.85514,305643
267,usury,22,0.00720,54595,17.86234,305643
268,wdouglascampbell,22,0.00720,54617,17.86954,305643
269,xcffl,22,0.00720,54639,17.87674,305643
270,zv0n,22,0.00720,54661,17.88394,305643
271,2xB,21,0.00687,54682,17.89081,305643
272,aleks-mariusz,21,0.00687,54703,17.89768,305643
273,baltitenger,21,0.00687,54724,17.90455,305643
274,bmarlow,21,0.00687,54745,17.91142,305643
275,fugkco,21,0.00687,54766,17.91829,305643
276,harikannan512,21,0.00687,54787,17.92516,305643
277,Hoeze,21,0.00687,54808,17.93203,305643
278,jbtrystram,21,0.00687,54829,17.93890,305643
279,JirkaChadima,21,0.00687,54850,17.94577,305643
280,jpic,21,0.00687,54871,17.95264,305643
281,lfarkas,21,0.00687,54892,17.95951,305643
282,rcasta74,21,0.00687,54913,17.96639,305643
283,salevdns,21,0.00687,54934,17.97326,305643
284,stac47,21,0.00687,54955,17.98013,305643
285,thmo,21,0.00687,54976,17.98700,305643
286,thyeestes,21,0.00687,54997,17.99387,305643
287,tricktron,21,0.00687,55018,18.00074,305643
288,tupyy,21,0.00687,55039,18.00761,305643
289,alexanderadam,20,0.00654,55059,18.01415,305643
290,benniekiss,20,0.00654,55079,18.02070,305643
291,caiges,20,0.00654,55099,18.02724,305643
292,DaveJarvis,20,0.00654,55119,18.03378,305643
293,eiffel-fl,20,0.00654,55139,18.04033,305643
294,epruesse,20,0.00654,55159,18.04687,305643
295,flobz,20,0.00654,55179,18.05342,305643
296,gzm55,20,0.00654,55199,18.05996,305643
297,HirazawaUi,20,0.00654,55219,18.06650,305643
298,InfRandomness,20,0.00654,55239,18.07305,305643
299,lelemka0,20,0.00654,55259,18.07959,305643
300,marwatk,20,0.00654,55279,18.08613,305643
301,psaini79,20,0.00654,55299,18.09268,305643
302,statiksof,20,0.00654,55319,18.09922,305643
303,tangentsoft,20,0.00654,55339,18.10576,305643
304,TomaszGasior,20,0.00654,55359,18.11231,305643
305,zeha,20,0.00654,55379,18.11885,305643
306,3sky,19,0.00622,55398,18.12507,305643
307,aidan-plenert-macdonald,19,0.00622,55417,18.13128,305643
308,alanruttenberg,19,0.00622,55436,18.13750,305643
309,andreaippo,19,0.00622,55455,18.14372,305643
310,ariasmn,19,0.00622,55474,18.14993,305643
311,asbachb,19,0.00622,55493,18.15615,305643
312,carljmosca,19,0.00622,55512,18.16237,305643
313,davidchisnall,19,0.00622,55531,18.16858,305643
314,DevDorrejo,19,0.00622,55550,18.17480,305643
315,duck-rh,19,0.00622,55569,18.18102,305643
316,dzintars,19,0.00622,55588,18.18723,305643
317,Elrondo46,19,0.00622,55607,18.19345,305643
318,fishy,19,0.00622,55626,18.19966,305643
319,flixman,19,0.00622,55645,18.20588,305643
320,g574,19,0.00622,55664,18.21210,305643
321,gaufde,19,0.00622,55683,18.21831,305643
322,jkonecny12,19,0.00622,55702,18.22453,305643
323,jschewebbn,19,0.00622,55721,18.23075,305643
324,karuboniru,19,0.00622,55740,18.23696,305643
325,konrad-ohms,19,0.00622,55759,18.24318,305643
326,m3nu,19,0.00622,55778,18.24940,305643
327,mmmmaeda,19,0.00622,55797,18.25561,305643
328,mtalexan,19,0.00622,55816,18.26183,305643
329,neverpanic,19,0.00622,55835,18.26804,305643
330,pombredanne,19,0.00622,55854,18.27426,305643
331,sanyer,19,0.00622,55873,18.28048,305643
332,Taymindis,19,0.00622,55892,18.28669,305643
333,thephoenixofthevoid,19,0.00622,55911,18.29291,305643
334,Timost,19,0.00622,55930,18.29913,305643
335,veita,19,0.00622,55949,18.30534,305643
336,vmsh0,19,0.00622,55968,18.31156,305643
337,ykuksenko,19,0.00622,55987,18.31778,305643
338,aliaslanturk,18,0.00589,56005,18.32367,305643
339,antheas,18,0.00589,56023,18.32955,305643
340,bertbaron,18,0.00589,56041,18.33544,305643
341,brianjmurrell,18,0.00589,56059,18.34133,305643
342,fj-tsubasa,18,0.00589,56077,18.34722,305643
343,Gnyblast,18,0.00589,56095,18.35311,305643
344,GolanTrevize10,18,0.00589,56113,18.35900,305643
345,hadess,18,0.00589,56131,18.36489,305643
346,jfrantzius,18,0.00589,56149,18.37078,305643
347,karta0807913,18,0.00589,56167,18.37667,305643
348,Loader009,18,0.00589,56185,18.38256,305643
349,meox,18,0.00589,56203,18.38845,305643
350,multimeric,18,0.00589,56221,18.39434,305643
351,nick-lehmann,18,0.00589,56239,18.40023,305643
352,p5,18,0.00589,56257,18.40611,305643
353,paleozogt,18,0.00589,56275,18.41200,305643
354,PeterWhittaker,18,0.00589,56293,18.41789,305643
355,pmoogi-redhat,18,0.00589,56311,18.42378,305643
356,psgreco,18,0.00589,56329,18.42967,305643
357,restanrm,18,0.00589,56347,18.43556,305643
358,samskiter,18,0.00589,56365,18.44145,305643
359,TidyData,18,0.00589,56383,18.44734,305643
360,vans163,18,0.00589,56401,18.45323,305643
361,yxing-xyz,18,0.00589,56419,18.45912,305643
362,chevdor,17,0.00556,56436,18.46468,305643
363,disaster123,17,0.00556,56453,18.47024,305643
364,faern,17,0.00556,56470,18.47580,305643
365,Hendrik-H,17,0.00556,56487,18.48137,305643
366,I-Cat,17,0.00556,56504,18.48693,305643
367,imphil,17,0.00556,56521,18.49249,305643
368,ingobecker,17,0.00556,56538,18.49805,305643
369,kishorekkota,17,0.00556,56555,18.50361,305643
370,lastephey,17,0.00556,56572,18.50918,305643
371,lpgc,17,0.00556,56589,18.51474,305643
372,Lunarequest,17,0.00556,56606,18.52030,305643
373,Ma3yTa,17,0.00556,56623,18.52586,305643
374,maxclac,17,0.00556,56640,18.53142,305643
375,mfschumann,17,0.00556,56657,18.53699,305643
376,mikepurvis,17,0.00556,56674,18.54255,305643
377,p-fruck,17,0.00556,56691,18.54811,305643
378,polachz,17,0.00556,56708,18.55367,305643
379,q2dg,17,0.00556,56725,18.55923,305643
380,rcowsill,17,0.00556,56742,18.56480,305643
381,rzlourenco,17,0.00556,56759,18.57036,305643
382,Saini01Basu,17,0.00556,56776,18.57592,305643
383,tghansen,17,0.00556,56793,18.58148,305643
384,xiaoyar,17,0.00556,56810,18.58704,305643
385,AddictArts,16,0.00523,56826,18.59228,305643
386,andrei-n-cosma,16,0.00523,56842,18.59751,305643
387,arlyon,16,0.00523,56858,18.60275,305643
388,bendem,16,0.00523,56874,18.60798,305643
389,chengscott,16,0.00523,56890,18.61322,305643
390,cjeanner,16,0.00523,56906,18.61845,305643
391,cristianrgreco,16,0.00523,56922,18.62369,305643
392,dc25,16,0.00523,56938,18.62892,305643
393,doverride,16,0.00523,56954,18.63416,305643
394,Enchufa2,16,0.00523,56970,18.63939,305643
395,FilBot3,16,0.00523,56986,18.64463,305643
396,gaohuatao-1,16,0.00523,57002,18.64986,305643
397,Geek-sky,16,0.00523,57018,18.65510,305643
398,holgerpieta,16,0.00523,57034,18.66033,305643
399,IceWreck,16,0.00523,57050,18.66557,305643
400,jgresham,16,0.00523,57066,18.67080,305643
401,keonchennl,16,0.00523,57082,18.67604,305643
402,lukasbestle,16,0.00523,57098,18.68127,305643
403,lukewarmtemp,16,0.00523,57114,18.68651,305643
404,mahendra77024,16,0.00523,57130,18.69174,305643
405,MaximilienLC,16,0.00523,57146,18.69698,305643
406,mgorny,16,0.00523,57162,18.70221,305643
407,mickey-stratoscale,16,0.00523,57178,18.70745,305643
408,MrSuicideParrot,16,0.00523,57194,18.71268,305643
409,nabbisen,16,0.00523,57210,18.71792,305643
410,rhdojun,16,0.00523,57226,18.72315,305643
411,rsommer,16,0.00523,57242,18.72839,305643
412,SEIAROTg,16,0.00523,57258,18.73362,305643
413,shengjiangwuqq,16,0.00523,57274,18.73886,305643
414,soukainakhalkhouli,16,0.00523,57290,18.74409,305643
415,stephen-dexda,16,0.00523,57306,18.74933,305643
416,Syquel,16,0.00523,57322,18.75456,305643
417,terceiro,16,0.00523,57338,18.75979,305643
418,tweekley49,16,0.00523,57354,18.76503,305643
419,userid0x0,16,0.00523,57370,18.77026,305643
420,vugardzhamalov,16,0.00523,57386,18.77550,305643
421,waffshappen,16,0.00523,57402,18.78073,305643
422,wnm3,16,0.00523,57418,18.78597,305643
423,xfoobar,16,0.00523,57434,18.79120,305643
424,yyzxw,16,0.00523,57450,18.79644,305643
425,abdelghanimeliani,15,0.00491,57465,18.80135,305643
426,ADIX7,15,0.00491,57480,18.80625,305643
427,andrin55,15,0.00491,57495,18.81116,305643
428,bc-lee,15,0.00491,57510,18.81607,305643
429,CameronNemo,15,0.00491,57525,18.82098,305643
430,candrews,15,0.00491,57540,18.82589,305643
431,ctml91,15,0.00491,57555,18.83079,305643
432,CtrlZvi,15,0.00491,57570,18.83570,305643
433,cyqsimon,15,0.00491,57585,18.84061,305643
434,developedsoftware,15,0.00491,57600,18.84552,305643
435,dezza,15,0.00491,57615,18.85042,305643
436,discover02,15,0.00491,57630,18.85533,305643
437,eighthave,15,0.00491,57645,18.86024,305643
438,flyn-org,15,0.00491,57660,18.86515,305643
439,Freakin,15,0.00491,57675,18.87005,305643
440,james-crowley,15,0.00491,57690,18.87496,305643
441,KenMacD,15,0.00491,57705,18.87987,305643
442,krumelmonster,15,0.00491,57720,18.88478,305643
443,leonpano2006,15,0.00491,57735,18.88969,305643
444,loynoir,15,0.00491,57750,18.89459,305643
445,MadhuVK,15,0.00491,57765,18.89950,305643
446,matteo-gambarutti,15,0.00491,57780,18.90441,305643
447,maxi0604,15,0.00491,57795,18.90932,305643
448,micahcc,15,0.00491,57810,18.91422,305643
449,nikAizuddin,15,0.00491,57825,18.91913,305643
450,npate012,15,0.00491,57840,18.92404,305643
451,paravz,15,0.00491,57855,18.92895,305643
452,plopresti,15,0.00491,57870,18.93385,305643
453,rijenkii,15,0.00491,57885,18.93876,305643
454,runiq,15,0.00491,57900,18.94367,305643
455,snail59,15,0.00491,57915,18.94858,305643
456,TrevorBenson,15,0.00491,57930,18.95348,305643
457,wrobell,15,0.00491,57945,18.95839,305643
458,xomachine,15,0.00491,57960,18.96330,305643
459,Zanathoz,15,0.00491,57975,18.96821,305643
460,Alanthur,14,0.00458,57989,18.97279,305643
461,alxchk,14,0.00458,58003,18.97737,305643
462,andrewgdotcom,14,0.00458,58017,18.98195,305643
463,an-toine,14,0.00458,58031,18.98653,305643
464,awerlang,14,0.00458,58045,18.99111,305643
465,barnscott,14,0.00458,58059,18.99569,305643
466,basilrabi,14,0.00458,58073,19.00027,305643
467,chmeliik,14,0.00458,58087,19.00485,305643
468,danvergara,14,0.00458,58101,19.00943,305643
469,dominic-p,14,0.00458,58115,19.01401,305643
470,duritong,14,0.00458,58129,19.01859,305643
471,ebryerwork,14,0.00458,58143,19.02317,305643
472,erikbgithub,14,0.00458,58157,19.02775,305643
473,fche,14,0.00458,58171,19.03234,305643
474,flyingsaucerer,14,0.00458,58185,19.03692,305643
475,francoism90,14,0.00458,58199,19.04150,305643
476,fweimer-rh,14,0.00458,58213,19.04608,305643
477,g4njawizard,14,0.00458,58227,19.05066,305643
478,gigatexal,14,0.00458,58241,19.05524,305643
479,haykhovsepyan,14,0.00458,58255,19.05982,305643
480,hroncok,14,0.00458,58269,19.06440,305643
481,jesselang,14,0.00458,58283,19.06898,305643
482,junwang123,14,0.00458,58297,19.07356,305643
483,kloczek,14,0.00458,58311,19.07814,305643
484,na0x2c6,14,0.00458,58325,19.08272,305643
485,Nitrousoxide,14,0.00458,58339,19.08730,305643
486,ntkme,14,0.00458,58353,19.09188,305643
487,petr-motejlek,14,0.00458,58367,19.09646,305643
488,POnakS,14,0.00458,58381,19.10104,305643
489,Raniz85,14,0.00458,58395,19.10562,305643
490,r-cheologist,14,0.00458,58409,19.11020,305643
491,shuaiyy,14,0.00458,58423,19.11478,305643
492,sjpb,14,0.00458,58437,19.11936,305643
493,sonuyos,14,0.00458,58451,19.12395,305643
494,STARRY-S,14,0.00458,58465,19.12853,305643
495,stevegt,14,0.00458,58479,19.13311,305643
496,vmasutin,14,0.00458,58493,19.13769,305643
497,YoitoFes,14,0.00458,58507,19.14227,305643
498,yosiasz,14,0.00458,58521,19.14685,305643
499,akihikodaki,13,0.00425,58534,19.15110,305643
500,aklajnert,13,0.00425,58547,19.15535,305643
501,carlhoerberg,13,0.00425,58560,19.15961,305643
502,CendioOssman,13,0.00425,58573,19.16386,305643
503,cmurf,13,0.00425,58586,19.16811,305643
504,coypoop,13,0.00425,58599,19.17237,305643
505,cybernet,13,0.00425,58612,19.17662,305643
506,davdr,13,0.00425,58625,19.18087,305643
507,domdomegg,13,0.00425,58638,19.18513,305643
508,dtitov,13,0.00425,58651,19.18938,305643
509,eschnett,13,0.00425,58664,19.19363,305643
510,EvgenyAGRO,13,0.00425,58677,19.19789,305643
511,faandg,13,0.00425,58690,19.20214,305643
512,fatelei,13,0.00425,58703,19.20639,305643
513,fengxsong,13,0.00425,58716,19.21065,305643
514,gardar,13,0.00425,58729,19.21490,305643
515,GDdark,13,0.00425,58742,19.21915,305643
516,gilligan,13,0.00425,58755,19.22341,305643
517,gridhead,13,0.00425,58768,19.22766,305643
518,hdonnay,13,0.00425,58781,19.23191,305643
519,hmoffatt,13,0.00425,58794,19.23617,305643
520,huapox,13,0.00425,58807,19.24042,305643
521,IceCodeNew,13,0.00425,58820,19.24467,305643
522,InvisibleRasta,13,0.00425,58833,19.24893,305643
523,isenberg,13,0.00425,58846,19.25318,305643
524,isker,13,0.00425,58859,19.25743,305643
525,james-lawrence,13,0.00425,58872,19.26169,305643
526,Jared-Sprague,13,0.00425,58885,19.26594,305643
527,jlsalmon,13,0.00425,58898,19.27019,305643
528,kaisataipale,13,0.00425,58911,19.27445,305643
529,kellen-dunham,13,0.00425,58924,19.27870,305643
530,kimminss0,13,0.00425,58937,19.28295,305643
531,klesh,13,0.00425,58950,19.28721,305643
532,kubasobon,13,0.00425,58963,19.29146,305643
533,liaobaikai,13,0.00425,58976,19.29571,305643
534,LStandman,13,0.00425,58989,19.29997,305643
535,LYU2026,13,0.00425,59002,19.30422,305643
536,miquecg,13,0.00425,59015,19.30847,305643
537,mrbazzan,13,0.00425,59028,19.31273,305643
538,Mr-Sunglasses,13,0.00425,59041,19.31698,305643
539,Odilhao,13,0.00425,59054,19.32123,305643
540,orenbm,13,0.00425,59067,19.32549,305643
541,pdj9na,13,0.00425,59080,19.32974,305643
542,Peter-Sh,13,0.00425,59093,19.33399,305643
543,pjannesen,13,0.00425,59106,19.33825,305643
544,RazCrimson,13,0.00425,59119,19.34250,305643
545,SahilChaudhary25,13,0.00425,59132,19.34675,305643
546,smekkley,13,0.00425,59145,19.35101,305643
547,svenstaro,13,0.00425,59158,19.35526,305643
548,sycured,13,0.00425,59171,19.35951,305643
549,xtexChooser,13,0.00425,59184,19.36377,305643
550,YevheniiPokhvalii,13,0.00425,59197,19.36802,305643
551,zhaofengli,13,0.00425,59210,19.37227,305643
552,Zivodor,13,0.00425,59223,19.37653,305643
553,ahwayakchih,12,0.00393,59235,19.38045,305643
554,apinter,12,0.00393,59247,19.38438,305643
555,benjamb,12,0.00393,59259,19.38831,305643
556,bulanovk,12,0.00393,59271,19.39223,305643
557,chilikk,12,0.00393,59283,19.39616,305643
558,chnrxn,12,0.00393,59295,19.40008,305643
559,colinbendell,12,0.00393,59307,19.40401,305643
560,cryobry,12,0.00393,59319,19.40794,305643
561,danstiner,12,0.00393,59331,19.41186,305643
562,daveman1010221,12,0.00393,59343,19.41579,305643
563,dawagner,12,0.00393,59355,19.41972,305643
564,DemiMarie,12,0.00393,59367,19.42364,305643
565,eramoto,12,0.00393,59379,19.42757,305643
566,g-braeunlich,12,0.00393,59391,19.43149,305643
567,harish2704,12,0.00393,59403,19.43542,305643
568,helobinvn,12,0.00393,59415,19.43935,305643
569,homayoonsadeghiarkami,12,0.00393,59427,19.44327,305643
570,igo95862,12,0.00393,59439,19.44720,305643
571,illunix,12,0.00393,59451,19.45112,305643
572,jamesregis,12,0.00393,59463,19.45505,305643
573,JayKayy,12,0.00393,59475,19.45898,305643
574,jennydaman,12,0.00393,59487,19.46290,305643
575,JerryMWeeks,12,0.00393,59499,19.46683,305643
576,johannesmarx,12,0.00393,59511,19.47076,305643
577,jritter,12,0.00393,59523,19.47468,305643
578,Kiritow,12,0.00393,59535,19.47861,305643
579,koshatul,12,0.00393,59547,19.48253,305643
580,kyrias,12,0.00393,59559,19.48646,305643
581,langdon,12,0.00393,59571,19.49039,305643
582,LiZhang19817,12,0.00393,59583,19.49431,305643
583,mikegit21,12,0.00393,59595,19.49824,305643
584,mikenorgate,12,0.00393,59607,19.50216,305643
585,mnsmithuk,12,0.00393,59619,19.50609,305643
586,NetDwarf,12,0.00393,59631,19.51002,305643
587,networkException,12,0.00393,59643,19.51394,305643
588,pablofsf,12,0.00393,59655,19.51787,305643
589,pascapascapascapasca,12,0.00393,59667,19.52180,305643
590,qhaas,12,0.00393,59679,19.52572,305643
591,rachelwaldon,12,0.00393,59691,19.52965,305643
592,Rogerdip,12,0.00393,59703,19.53357,305643
593,rolweber,12,0.00393,59715,19.53750,305643
594,rubensa,12,0.00393,59727,19.54143,305643
595,Searge,12,0.00393,59739,19.54535,305643
596,snyderth,12,0.00393,59751,19.54928,305643
597,Spindel,12,0.00393,59763,19.55320,305643
598,susanatgit,12,0.00393,59775,19.55713,305643
599,SveWoCo,12,0.00393,59787,19.56106,305643
600,TCROC,12,0.00393,59799,19.56498,305643
601,tophercullen,12,0.00393,59811,19.56891,305643
602,wu0407,12,0.00393,59823,19.57283,305643
603,x70b1,12,0.00393,59835,19.57676,305643
604,yaqwsx,12,0.00393,59847,19.58069,305643
605,yhcote,12,0.00393,59859,19.58461,305643
606,yuhuijiang,12,0.00393,59871,19.58854,305643
607,Zeranoe,12,0.00393,59883,19.59247,305643
608,125priyank,11,0.00360,59894,19.59606,305643
609,Aetylus,11,0.00360,59905,19.59966,305643
610,akshaykumar-vijapur,11,0.00360,59916,19.60326,305643
611,akshayvijapur,11,0.00360,59927,19.60686,305643
612,alaviss,11,0.00360,59938,19.61046,305643
613,andrewshadura,11,0.00360,59949,19.61406,305643
614,art-shutter,11,0.00360,59960,19.61766,305643
615,bam80,11,0.00360,59971,19.62126,305643
616,bduffany,11,0.00360,59982,19.62486,305643
617,berndbausch,11,0.00360,59993,19.62846,305643
618,bigon,11,0.00360,60004,19.63205,305643
619,chergert,11,0.00360,60015,19.63565,305643
620,chrispyatt,11,0.00360,60026,19.63925,305643
621,dagraff-cisco,11,0.00360,60037,19.64285,305643
622,dancohen21,11,0.00360,60048,19.64645,305643
623,danmack,11,0.00360,60059,19.65005,305643
624,daveisfera,11,0.00360,60070,19.65365,305643
625,dennis605,11,0.00360,60081,19.65725,305643
626,enku,11,0.00360,60092,19.66085,305643
627,FamousL,11,0.00360,60103,19.66445,305643
628,fbezdeka,11,0.00360,60114,19.66804,305643
629,garthy,11,0.00360,60125,19.67164,305643
630,gbhushan86,11,0.00360,60136,19.67524,305643
631,glektarssza,11,0.00360,60147,19.67884,305643
632,gyakovlev,11,0.00360,60158,19.68244,305643
633,har7an,11,0.00360,60169,19.68604,305643
634,hiredman,11,0.00360,60180,19.68964,305643
635,iluminae,11,0.00360,60191,19.69324,305643
636,jeet-parekh,11,0.00360,60202,19.69684,305643
637,Jookia,11,0.00360,60213,19.70043,305643
638,kairu97,11,0.00360,60224,19.70403,305643
639,kitty-catt,11,0.00360,60235,19.70763,305643
640,kkujala,11,0.00360,60246,19.71123,305643
641,llchan,11,0.00360,60257,19.71483,305643
642,mario19911,11,0.00360,60268,19.71843,305643
643,mbach04,11,0.00360,60279,19.72203,305643
644,mehulgogri,11,0.00360,60290,19.72563,305643
645,mi4r,11,0.00360,60301,19.72923,305643
646,mladedav,11,0.00360,60312,19.73283,305643
647,mluhmann,11,0.00360,60323,19.73642,305643
648,olivierGATSNCF,11,0.00360,60334,19.74002,305643
649,pavinjosdev,11,0.00360,60345,19.74362,305643
650,phakkarainen,11,0.00360,60356,19.74722,305643
651,PhracturedBlue,11,0.00360,60367,19.75082,305643
652,PMExtra,11,0.00360,60378,19.75442,305643
653,pypingou,11,0.00360,60389,19.75802,305643
654,rdbisme,11,0.00360,60400,19.76162,305643
655,RishabhSaini,11,0.00360,60411,19.76522,305643
656,rlanting,11,0.00360,60422,19.76882,305643
657,rptaylor,11,0.00360,60433,19.77241,305643
658,rtgiskard,11,0.00360,60444,19.77601,305643
659,RushingAlien,11,0.00360,60455,19.77961,305643
660,sappersd,11,0.00360,60466,19.78321,305643
661,scottschreckengaust,11,0.00360,60477,19.78681,305643
662,sj26,11,0.00360,60488,19.79041,305643
663,slvr32,11,0.00360,60499,19.79401,305643
664,SoloGao,11,0.00360,60510,19.79761,305643
665,tacerus,11,0.00360,60521,19.80121,305643
666,timc,11,0.00360,60532,19.80480,305643
667,ugiwgh,11,0.00360,60543,19.80840,305643
668,UlrichLohrmann,11,0.00360,60554,19.81200,305643
669,wpross,11,0.00360,60565,19.81560,305643
670,wuxxin,11,0.00360,60576,19.81920,305643
671,xuegege5290,11,0.00360,60587,19.82280,305643
672,yannh,11,0.00360,60598,19.82640,305643
673,yassi-github,11,0.00360,60609,19.83000,305643
674,yufeifly,11,0.00360,60620,19.83360,305643
675,ahinrichs,10,0.00327,60630,19.83687,305643
676,ajakk,10,0.00327,60640,19.84014,305643
677,andrescodas,10,0.00327,60650,19.84341,305643
678,barthalion,10,0.00327,60660,19.84668,305643
679,BenjaminSchubert,10,0.00327,60670,19.84996,305643
680,benyaminl,10,0.00327,60680,19.85323,305643
681,carlosrodfern,10,0.00327,60690,19.85650,305643
682,cbr7,10,0.00327,60700,19.85977,305643
683,CDFN,10,0.00327,60710,19.86304,305643
684,chetan-reddy,10,0.00327,60720,19.86631,305643
685,chriss-de,10,0.00327,60730,19.86959,305643
686,Diniboy1123,10,0.00327,60740,19.87286,305643
687,diplane,10,0.00327,60750,19.87613,305643
688,dnv,10,0.00327,60760,19.87940,305643
689,douglas-legulas,10,0.00327,60770,19.88267,305643
690,dzerhusen,10,0.00327,60780,19.88595,305643
691,ericpershey,10,0.00327,60790,19.88922,305643
692,freva,10,0.00327,60800,19.89249,305643
693,geoynomous,10,0.00327,60810,19.89576,305643
694,go-d,10,0.00327,60820,19.89903,305643
695,gsalvatella,10,0.00327,60830,19.90230,305643
696,hansmbakker,10,0.00327,60840,19.90558,305643
697,hetzbh,10,0.00327,60850,19.90885,305643
698,hholst80,10,0.00327,60860,19.91212,305643
699,ideepika,10,0.00327,60870,19.91539,305643
700,io7m,10,0.00327,60880,19.91866,305643
701,ivanov17,10,0.00327,60890,19.92194,305643
702,jack-avery,10,0.00327,60900,19.92521,305643
703,Jarvvski,10,0.00327,60910,19.92848,305643
704,jdieter,10,0.00327,60920,19.93175,305643
705,JDUNNIN,10,0.00327,60930,19.93502,305643
706,jellelicht,10,0.00327,60940,19.93829,305643
707,jeremy-chua,10,0.00327,60950,19.94157,305643
708,jkroon81,10,0.00327,60960,19.94484,305643
709,jonathanunderwood,10,0.00327,60970,19.94811,305643
710,kbaran1998,10,0.00327,60980,19.95138,305643
711,KenYN,10,0.00327,60990,19.95465,305643
712,kingsleyzissou,10,0.00327,61000,19.95792,305643
713,Lakrimar,10,0.00327,61010,19.96120,305643
714,mailinglists35,10,0.00327,61020,19.96447,305643
715,maringuu,10,0.00327,61030,19.96774,305643
716,max06,10,0.00327,61040,19.97101,305643
717,mhmr,10,0.00327,61050,19.97428,305643
718,myback,10,0.00327,61060,19.97756,305643
719,nc7s,10,0.00327,61070,19.98083,305643
720,PhilippHomann,10,0.00327,61080,19.98410,305643
721,phozzy,10,0.00327,61090,19.98737,305643
722,pkubatrh,10,0.00327,61100,19.99064,305643
723,ppenguin,10,0.00327,61110,19.99391,305643
724,QuarkTheAwesome,10,0.00327,61120,19.99719,305643
725,radar07,10,0.00327,61130,20.00046,305643
726,ryester19,10,0.00327,61140,20.00373,305643
727,scorpionlion,10,0.00327,61150,20.00700,305643
728,scottsweb,10,0.00327,61160,20.01027,305643
729,sdhoward,10,0.00327,61170,20.01355,305643
730,sergey-morenets,10,0.00327,61180,20.01682,305643
731,sesponda,10,0.00327,61190,20.02009,305643
732,shsheep,10,0.00327,61200,20.02336,305643
733,Shubham-Kumar-2000,10,0.00327,61210,20.02663,305643
734,sumit0900,10,0.00327,61220,20.02990,305643
735,SureshGota,10,0.00327,61230,20.03318,305643
736,thrix,10,0.00327,61240,20.03645,305643
737,ucfchandra,10,0.00327,61250,20.03972,305643
738,Victrid,10,0.00327,61260,20.04299,305643
739,void-spark,10,0.00327,61270,20.04626,305643
740,xRomZak,10,0.00327,61280,20.04953,305643
741,Afourcat,9,0.00294,61289,20.05248,305643
742,albnnc,9,0.00294,61298,20.05542,305643
743,AlexGluck,9,0.00294,61307,20.05837,305643
744,ananace,9,0.00294,61316,20.06131,305643
745,andreluisos,9,0.00294,61325,20.06426,305643
746,ankurmalhotra07,9,0.00294,61334,20.06720,305643
747,AntonOellerer,9,0.00294,61343,20.07015,305643
748,apozsuse,9,0.00294,61352,20.07309,305643
749,babykart,9,0.00294,61361,20.07604,305643
750,bbodiya-akamai,9,0.00294,61370,20.07898,305643
751,bikashlama541,9,0.00294,61379,20.08193,305643
752,BinaryKhaos,9,0.00294,61388,20.08487,305643
753,breca,9,0.00294,61397,20.08781,305643
754,Buzu,9,0.00294,61406,20.09076,305643
755,catap,9,0.00294,61415,20.09370,305643
756,chris-reeves,9,0.00294,61424,20.09665,305643
757,christian-2,9,0.00294,61433,20.09959,305643
758,circuitikzuser,9,0.00294,61442,20.10254,305643
759,clcollins,9,0.00294,61451,20.10548,305643
760,Clockwork-Muse,9,0.00294,61460,20.10843,305643
761,coldbloodx,9,0.00294,61469,20.11137,305643
762,crahan,9,0.00294,61478,20.11432,305643
763,darewreck54,9,0.00294,61487,20.11726,305643
764,definename,9,0.00294,61496,20.12021,305643
765,dnk8n,9,0.00294,61505,20.12315,305643
766,dpepper,9,0.00294,61514,20.12609,305643
767,ehelms,9,0.00294,61523,20.12904,305643
768,EvgenyPrikhodko,9,0.00294,61532,20.13198,305643
769,fccagou,9,0.00294,61541,20.13493,305643
770,flyingfishflash,9,0.00294,61550,20.13787,305643
771,Fulguritus,9,0.00294,61559,20.14082,305643
772,Fydon,9,0.00294,61568,20.14376,305643
773,gczarnocki,9,0.00294,61577,20.14671,305643
774,gmpify,9,0.00294,61586,20.14965,305643
775,graywolf-at-work,9,0.00294,61595,20.15260,305643
776,grgghrn,9,0.00294,61604,20.15554,305643
777,gusostow,9,0.00294,61613,20.15849,305643
778,hellt,9,0.00294,61622,20.16143,305643
779,inidona,9,0.00294,61631,20.16437,305643
780,JasonCubic,9,0.00294,61640,20.16732,305643
781,jfilak,9,0.00294,61649,20.17026,305643
782,jjzmajic,9,0.00294,61658,20.17321,305643
783,jlosito,9,0.00294,61667,20.17615,305643
784,jontte75,9,0.00294,61676,20.17910,305643
785,jorti,9,0.00294,61685,20.18204,305643
786,jskov-jyskebank-dk,9,0.00294,61694,20.18499,305643
787,justin-f-perez,9,0.00294,61703,20.18793,305643
788,k9withabone,9,0.00294,61712,20.19088,305643
789,kaivol,9,0.00294,61721,20.19382,305643
790,kalelkenobi,9,0.00294,61730,20.19677,305643
791,kianmeng,9,0.00294,61739,20.19971,305643
792,klDen,9,0.00294,61748,20.20265,305643
793,LauKr,9,0.00294,61757,20.20560,305643
794,leiless,9,0.00294,61766,20.20854,305643
795,lynn447742,9,0.00294,61775,20.21149,305643
796,martinky82,9,0.00294,61784,20.21443,305643
797,mfblair,9,0.00294,61793,20.21738,305643
798,mike-sul,9,0.00294,61802,20.22032,305643
799,miltkall-asml,9,0.00294,61811,20.22327,305643
800,mjlbach,9,0.00294,61820,20.22621,305643
801,MLNW,9,0.00294,61829,20.22916,305643
802,mpw96,9,0.00294,61838,20.23210,305643
803,n0rig,9,0.00294,61847,20.23505,305643
804,Nemric,9,0.00294,61856,20.23799,305643
805,NickJLange,9,0.00294,61865,20.24093,305643
806,NTMan,9,0.00294,61874,20.24388,305643
807,ntrrgc,9,0.00294,61883,20.24682,305643
808,pciavald,9,0.00294,61892,20.24977,305643
809,PeterCxy,9,0.00294,61901,20.25271,305643
810,peter-facko,9,0.00294,61910,20.25566,305643
811,podhorsky-ksj,9,0.00294,61919,20.25860,305643
812,pohlt,9,0.00294,61928,20.26155,305643
813,queeup,9,0.00294,61937,20.26449,305643
814,Ramblurr,9,0.00294,61946,20.26744,305643
815,rcerven,9,0.00294,61955,20.27038,305643
816,reavessm,9,0.00294,61964,20.27333,305643
817,Ricky-Tigg,9,0.00294,61973,20.27627,305643
818,sbourlon,9,0.00294,61982,20.27921,305643
819,shyam-biradar,9,0.00294,61991,20.28216,305643
820,silver886,9,0.00294,62000,20.28510,305643
821,silviot,9,0.00294,62009,20.28805,305643
822,skepticoitusInteruptus,9,0.00294,62018,20.29099,305643
823,smothiki,9,0.00294,62027,20.29394,305643
824,solacelost,9,0.00294,62036,20.29688,305643
825,SpangleLabs,9,0.00294,62045,20.29983,305643
826,stefan-sf,9,0.00294,62054,20.30277,305643
827,stephankoelle,9,0.00294,62063,20.30572,305643
828,StiglCZ,9,0.00294,62072,20.30866,305643
829,terencehonles,9,0.00294,62081,20.31161,305643
830,testwill,9,0.00294,62090,20.31455,305643
831,thomascastelein,9,0.00294,62099,20.31749,305643
832,Timoses,9,0.00294,62108,20.32044,305643
833,tylarb,9,0.00294,62117,20.32338,305643
834,ut-wangbo,9,0.00294,62126,20.32633,305643
835,webarchymeta,9,0.00294,62135,20.32927,305643
836,x80486,9,0.00294,62144,20.33222,305643
837,zgoda,9,0.00294,62153,20.33516,305643
838,znerol,9,0.00294,62162,20.33811,305643
839,zowoq,9,0.00294,62171,20.34105,305643
840,524c,8,0.00262,62179,20.34367,305643
841,89luca89,8,0.00262,62187,20.34629,305643
842,adrian-moisa,8,0.00262,62195,20.34890,305643
843,adrubesh,8,0.00262,62203,20.35152,305643
844,ah83,8,0.00262,62211,20.35414,305643
845,AhmedMoalla,8,0.00262,62219,20.35676,305643
846,akirilov,8,0.00262,62227,20.35937,305643
847,alexisfrjp,8,0.00262,62235,20.36199,305643
848,alien999999999,8,0.00262,62243,20.36461,305643
849,AlphaJack,8,0.00262,62251,20.36723,305643
850,AndesKrrrrrrrrrrr,8,0.00262,62259,20.36984,305643
851,anpic,8,0.00262,62267,20.37246,305643
852,aonoa,8,0.00262,62275,20.37508,305643
853,apcro,8,0.00262,62283,20.37770,305643
854,apsoyka,8,0.00262,62291,20.38031,305643
855,archoversight,8,0.00262,62299,20.38293,305643
856,atsushi-tsuda,8,0.00262,62307,20.38555,305643
857,Avijit009,8,0.00262,62315,20.38817,305643
858,banool,8,0.00262,62323,20.39078,305643
859,bauen1,8,0.00262,62331,20.39340,305643
860,bayeslearner,8,0.00262,62339,20.39602,305643
861,bazhang87,8,0.00262,62347,20.39864,305643
862,bburky,8,0.00262,62355,20.40125,305643
863,bmenant,8,0.00262,62363,20.40387,305643
864,bverhagen,8,0.00262,62371,20.40649,305643
865,cathay4t,8,0.00262,62379,20.40910,305643
866,ccnankai,8,0.00262,62387,20.41172,305643
867,chrishecker,8,0.00262,62395,20.41434,305643
868,crevetor,8,0.00262,62403,20.41696,305643
869,criztovyl,8,0.00262,62411,20.41957,305643
870,danking,8,0.00262,62419,20.42219,305643
871,darkautism,8,0.00262,62427,20.42481,305643
872,daw1012345,8,0.00262,62435,20.42743,305643
873,diggnsaegg,8,0.00262,62443,20.43004,305643
874,djpbessems,8,0.00262,62451,20.43266,305643
875,dozenposture,8,0.00262,62459,20.43528,305643
876,dpnishant,8,0.00262,62467,20.43790,305643
877,dzvon,8,0.00262,62475,20.44051,305643
878,E1k3,8,0.00262,62483,20.44313,305643
879,edvgui,8,0.00262,62491,20.44575,305643
880,enihcam,8,0.00262,62499,20.44837,305643
881,eyebeem-mikel,8,0.00262,62507,20.45098,305643
882,fc7,8,0.00262,62515,20.45360,305643
883,fcrozat,8,0.00262,62523,20.45622,305643
884,fithisux,8,0.00262,62531,20.45884,305643
885,flyingflo,8,0.00262,62539,20.46145,305643
886,Folaht,8,0.00262,62547,20.46407,305643
887,gabrielfsousa,8,0.00262,62555,20.46669,305643
888,gatoniel,8,0.00262,62563,20.46931,305643
889,germag,8,0.00262,62571,20.47192,305643
890,gminova,8,0.00262,62579,20.47454,305643
891,godmar,8,0.00262,62587,20.47716,305643
892,guzkodes,8,0.00262,62595,20.47978,305643
893,hjmodi,8,0.00262,62603,20.48239,305643
894,hluengas,8,0.00262,62611,20.48501,305643
895,hyche,8,0.00262,62619,20.48763,305643
896,ImanGharib,8,0.00262,62627,20.49025,305643
897,jamjon3,8,0.00262,62635,20.49286,305643
898,jbhrfx9280,8,0.00262,62643,20.49548,305643
899,jingyuwa,8,0.00262,62651,20.49810,305643
900,JJ,8,0.00262,62659,20.50071,305643
901,jklaiho,8,0.00262,62667,20.50333,305643
902,Job79,8,0.00262,62675,20.50595,305643
903,joelpurra,8,0.00262,62683,20.50857,305643
904,joeyhub,8,0.00262,62691,20.51118,305643
905,johnnykang,8,0.00262,62699,20.51380,305643
906,jonasbb,8,0.00262,62707,20.51642,305643
907,jordansissel,8,0.00262,62715,20.51904,305643
908,jpf91,8,0.00262,62723,20.52165,305643
909,juhp,8,0.00262,62731,20.52427,305643
910,kaorihinata,8,0.00262,62739,20.52689,305643
911,karelyatin,8,0.00262,62747,20.52951,305643
912,kdickerson,8,0.00262,62755,20.53212,305643
913,kniec,8,0.00262,62763,20.53474,305643
914,langjianke,8,0.00262,62771,20.53736,305643
915,ldanielw1,8,0.00262,62779,20.53998,305643
916,LHCGreg,8,0.00262,62787,20.54259,305643
917,liebig,8,0.00262,62795,20.54521,305643
918,loongson-zjl,8,0.00262,62803,20.54783,305643
919,matutetandil,8,0.00262,62811,20.55045,305643
920,Meister1593,8,0.00262,62819,20.55306,305643
921,mfocko,8,0.00262,62827,20.55568,305643
922,micah,8,0.00262,62835,20.55830,305643
923,miladhub,8,0.00262,62843,20.56092,305643
924,mohd-akram,8,0.00262,62851,20.56353,305643
925,mraszplewicz,8,0.00262,62859,20.56615,305643
926,msmigiel,8,0.00262,62867,20.56877,305643
927,nickyfoster,8,0.00262,62875,20.57139,305643
928,niheaven,8,0.00262,62883,20.57400,305643
929,NotBobTheBuilder,8,0.00262,62891,20.57662,305643
930,nyonson,8,0.00262,62899,20.57924,305643
931,offbynull,8,0.00262,62907,20.58186,305643
932,paomian,8,0.00262,62915,20.58447,305643
933,paul-grozav,8,0.00262,62923,20.58709,305643
934,photoszzt,8,0.00262,62931,20.58971,305643
935,PinkJohnOfUs,8,0.00262,62939,20.59233,305643
936,PiotrBzdrega,8,0.00262,62947,20.59494,305643
937,Poweranimal,8,0.00262,62955,20.59756,305643
938,raldone01,8,0.00262,62963,20.60018,305643
939,realSConway,8,0.00262,62971,20.60279,305643
940,rei-ber,8,0.00262,62979,20.60541,305643
941,remyluslosius,8,0.00262,62987,20.60803,305643
942,ricardo-rod,8,0.00262,62995,20.61065,305643
943,rishabhj1717,8,0.00262,63003,20.61326,305643
944,rishubn,8,0.00262,63011,20.61588,305643
945,rod260185,8,0.00262,63019,20.61850,305643
946,rubiksdot,8,0.00262,63027,20.62112,305643
947,Saurabh-Thakre,8,0.00262,63035,20.62373,305643
948,sebastianwebber,8,0.00262,63043,20.62635,305643
949,sebelk,8,0.00262,63051,20.62897,305643
950,secDre4mer,8,0.00262,63059,20.63159,305643
951,secondspass,8,0.00262,63067,20.63420,305643
952,sfc-gh-hyu,8,0.00262,63075,20.63682,305643
953,shrub77,8,0.00262,63083,20.63944,305643
954,SilverBut,8,0.00262,63091,20.64206,305643
955,sprig,8,0.00262,63099,20.64467,305643
956,steven-ellis,8,0.00262,63107,20.64729,305643
957,stewartadam,8,0.00262,63115,20.64991,305643
958,struanb,8,0.00262,63123,20.65253,305643
959,swilmet-uclouvain,8,0.00262,63131,20.65514,305643
960,tarun360,8,0.00262,63139,20.65776,305643
961,TheloTheGreat,8,0.00262,63147,20.66038,305643
962,thomasw64,8,0.00262,63155,20.66300,305643
963,TimSchneider42,8,0.00262,63163,20.66561,305643
964,tmstn,8,0.00262,63171,20.66823,305643
965,undecaf,8,0.00262,63179,20.67085,305643
966,unit511,8,0.00262,63187,20.67347,305643
967,usernameisnull,8,0.00262,63195,20.67608,305643
968,vincent-olivert-riera,8,0.00262,63203,20.67870,305643
969,wrender,8,0.00262,63211,20.68132,305643
970,xphyr,8,0.00262,63219,20.68394,305643
971,xuan200922702,8,0.00262,63227,20.68655,305643
972,yan12125,8,0.00262,63235,20.68917,305643
973,yellowhat,8,0.00262,63243,20.69179,305643
974,YikaiHu,8,0.00262,63251,20.69440,305643
975,yulianedyalkova,8,0.00262,63259,20.69702,305643
976,zakkak,8,0.00262,63267,20.69964,305643
977,zfrhv,8,0.00262,63275,20.70226,305643
978,Zocker1999NET,8,0.00262,63283,20.70487,305643
979,zoumingzhe,8,0.00262,63291,20.70749,305643
980,zuzuviewer,8,0.00262,63299,20.71011,305643
981,aacebedo,7,0.00229,63306,20.71240,305643
982,Agalin,7,0.00229,63313,20.71469,305643
983,agoose77,7,0.00229,63320,20.71698,305643
984,Aight25,7,0.00229,63327,20.71927,305643
985,ajram23,7,0.00229,63334,20.72156,305643
986,akdev1l,7,0.00229,63341,20.72385,305643
987,akospinter,7,0.00229,63348,20.72614,305643
988,albertdb,7,0.00229,63355,20.72843,305643
989,andrewbaxter,7,0.00229,63362,20.73072,305643
990,andrewgdunn,7,0.00229,63369,20.73301,305643
991,aneustroev,7,0.00229,63376,20.73530,305643
992,anon-9ad1dbf7cc4cc4236c2304a4c4c9dd55613de171,7,0.00229,63383,20.73759,305643
993,ansemjo,7,0.00229,63390,20.73988,305643
994,AntonioSun,7,0.00229,63397,20.74217,305643
995,AntonOfTheWoods,7,0.00229,63404,20.74446,305643
996,aramsamy,7,0.00229,63411,20.74675,305643
997,artificial-intelligence,7,0.00229,63418,20.74904,305643
998,Asgoret,7,0.00229,63425,20.75133,305643
999,atmecs123,7,0.00229,63432,20.75362,305643
1000,BaudouinDV,7,0.00229,63439,20.75591,305643
1001,benko,7,0.00229,63446,20.75820,305643
1002,bernt-matthias,7,0.00229,63453,20.76050,305643
1003,bertmelis,7,0.00229,63460,20.76279,305643
1004,BetaChess,7,0.00229,63467,20.76508,305643
1005,BiggerPicture2,7,0.00229,63474,20.76737,305643
1006,blindshare,7,0.00229,63481,20.76966,305643
1007,btrepp,7,0.00229,63488,20.77195,305643
1008,buckaroogeek,7,0.00229,63495,20.77424,305643
1009,cfsnyder,7,0.00229,63502,20.77653,305643
1010,chenxiaolong,7,0.00229,63509,20.77882,305643
1011,chesedo,7,0.00229,63516,20.78111,305643
1012,christophemacabiau,7,0.00229,63523,20.78340,305643
1013,cjw296,7,0.00229,63530,20.78569,305643
1014,ckastner,7,0.00229,63537,20.78798,305643
1015,Coachonko,7,0.00229,63544,20.79027,305643
1016,codemaker219,7,0.00229,63551,20.79256,305643
1017,czarnas,7,0.00229,63558,20.79485,305643
1018,DaanDeMeyer,7,0.00229,63565,20.79714,305643
1019,daltschu22,7,0.00229,63572,20.79943,305643
1020,damnms,7,0.00229,63579,20.80172,305643
1021,danielorf,7,0.00229,63586,20.80401,305643
1022,davidscherer,7,0.00229,63593,20.80630,305643
1023,daynyxx,7,0.00229,63600,20.80859,305643
1024,dbeezt,7,0.00229,63607,20.81088,305643
1025,DesantBucie,7,0.00229,63614,20.81317,305643
1026,devnode,7,0.00229,63621,20.81546,305643
1027,djmattyg007,7,0.00229,63628,20.81775,305643
1028,doc-olliday,7,0.00229,63635,20.82004,305643
1029,dvdsk,7,0.00229,63642,20.82233,305643
1030,dwmarshall,7,0.00229,63649,20.82462,305643
1031,ebb-earl-co,7,0.00229,63656,20.82691,305643
1032,eblot,7,0.00229,63663,20.82920,305643
1033,eigengrau,7,0.00229,63670,20.83149,305643
1034,EQUALIT-CG,7,0.00229,63677,20.83378,305643
1035,erw444,7,0.00229,63684,20.83607,305643
1036,etenzy,7,0.00229,63691,20.83836,305643
1037,EvaristeGalois11,7,0.00229,63698,20.84065,305643
1038,fogfish,7,0.00229,63705,20.84294,305643
1039,fraschm1998,7,0.00229,63712,20.84523,305643
1040,Frederick888,7,0.00229,63719,20.84752,305643
1041,Frederik-Baetens,7,0.00229,63726,20.84981,305643
1042,fulminemizzega,7,0.00229,63733,20.85211,305643
1043,fuomag9,7,0.00229,63740,20.85440,305643
1044,GCHQDeveloper211,7,0.00229,63747,20.85669,305643
1045,gdetrez,7,0.00229,63754,20.85898,305643
1046,gdiazlo,7,0.00229,63761,20.86127,305643
1047,gdoepp,7,0.00229,63768,20.86356,305643
1048,geichelberger,7,0.00229,63775,20.86585,305643
1049,Gelbpunkt,7,0.00229,63782,20.86814,305643
1050,gigabit942007,7,0.00229,63789,20.87043,305643
1051,Giszmo,7,0.00229,63796,20.87272,305643
1052,GongT,7,0.00229,63803,20.87501,305643
1053,gregoire-mullvad,7,0.00229,63810,20.87730,305643
1054,gsal,7,0.00229,63817,20.87959,305643
1055,gvenzl,7,0.00229,63824,20.88188,305643
1056,haampie,7,0.00229,63831,20.88417,305643
1057,hakong,7,0.00229,63838,20.88646,305643
1058,hograthm,7,0.00229,63845,20.88875,305643
1059,holgrrr,7,0.00229,63852,20.89104,305643
1060,huww98,7,0.00229,63859,20.89333,305643
1061,hydrosIII,7,0.00229,63866,20.89562,305643
1062,ibukanov,7,0.00229,63873,20.89791,305643
1063,infinitewarp,7,0.00229,63880,20.90020,305643
1064,ioparaskev,7,0.00229,63887,20.90249,305643
1065,ironroggers,7,0.00229,63894,20.90478,305643
1066,JakeCooper,7,0.00229,63901,20.90707,305643
1067,jameshurst,7,0.00229,63908,20.90936,305643
1068,jamesmortensen,7,0.00229,63915,20.91165,305643
1069,jerboaa,7,0.00229,63922,20.91394,305643
1070,jjenne-cisco,7,0.00229,63929,20.91623,305643
1071,jkonowitch,7,0.00229,63936,20.91852,305643
1072,jorhett,7,0.00229,63943,20.92081,305643
1073,jsonn,7,0.00229,63950,20.92310,305643
1074,JustinGrote,7,0.00229,63957,20.92539,305643
1075,jwhb,7,0.00229,63964,20.92768,305643
1076,kbul,7,0.00229,63971,20.92997,305643
1077,Kenzku,7,0.00229,63978,20.93226,305643
1078,KEO-RSP,7,0.00229,63985,20.93455,305643
1079,kerjes,7,0.00229,63992,20.93684,305643
1080,keszybz,7,0.00229,63999,20.93913,305643
1081,kpcyrd,7,0.00229,64006,20.94143,305643
1082,kushaldas,7,0.00229,64013,20.94372,305643
1083,Lagrang,7,0.00229,64020,20.94601,305643
1084,lahwaacz,7,0.00229,64027,20.94830,305643
1085,lbckmnn,7,0.00229,64034,20.95059,305643
1086,lbeltrame,7,0.00229,64041,20.95288,305643
1087,lespea,7,0.00229,64048,20.95517,305643
1088,lizelive,7,0.00229,64055,20.95746,305643
1089,Lordryte,7,0.00229,64062,20.95975,305643
1090,Lotti,7,0.00229,64069,20.96204,305643
1091,luebke-dev,7,0.00229,64076,20.96433,305643
1092,lukeyeager,7,0.00229,64083,20.96662,305643
1093,mafischer,7,0.00229,64090,20.96891,305643
1094,mangkoran,7,0.00229,64097,20.97120,305643
1095,marcpawl,7,0.00229,64104,20.97349,305643
1096,matejzero,7,0.00229,64111,20.97578,305643
1097,mathiasgredal,7,0.00229,64118,20.97807,305643
1098,mattcen,7,0.00229,64125,20.98036,305643
1099,mdsposadas,7,0.00229,64132,20.98265,305643
1100,meilier,7,0.00229,64139,20.98494,305643
1101,mgnsk,7,0.00229,64146,20.98723,305643
1102,mhowell24,7,0.00229,64153,20.98952,305643
1103,michaelzangl,7,0.00229,64160,20.99181,305643
1104,mier85,7,0.00229,64167,20.99410,305643
1105,mirekphd,7,0.00229,64174,20.99639,305643
1106,miyamo2,7,0.00229,64181,20.99868,305643
1107,mkoura,7,0.00229,64188,21.00097,305643
1108,Molgaard78,7,0.00229,64195,21.00326,305643
1109,Mordecaine,7,0.00229,64202,21.00555,305643
1110,mozartilize,7,0.00229,64209,21.00784,305643
1111,MShekow,7,0.00229,64216,21.01013,305643
1112,myml,7,0.00229,64223,21.01242,305643
1113,mypleasuer,7,0.00229,64230,21.01471,305643
1114,n3gwg,7,0.00229,64237,21.01700,305643
1115,najamelan,7,0.00229,64244,21.01929,305643
1116,Narwhalrus,7,0.00229,64251,21.02158,305643
1117,nobodyman1,7,0.00229,64258,21.02387,305643
1118,nycnewman,7,0.00229,64265,21.02616,305643
1119,olaf-meyer,7,0.00229,64272,21.02845,305643
1120,orpiske,7,0.00229,64279,21.03075,305643
1121,oseiberts11,7,0.00229,64286,21.03304,305643
1122,PaulUrwin,7,0.00229,64293,21.03533,305643
1123,pbrezina,7,0.00229,64300,21.03762,305643
1124,personjs,7,0.00229,64307,21.03991,305643
1125,propeeves,7,0.00229,64314,21.04220,305643
1126,pymonger,7,0.00229,64321,21.04449,305643
1127,pyronaid,7,0.00229,64328,21.04678,305643
1128,quentin9696,7,0.00229,64335,21.04907,305643
1129,rcny,7,0.00229,64342,21.05136,305643
1130,ReeSilva,7,0.00229,64349,21.05365,305643
1131,RevNight,7,0.00229,64356,21.05594,305643
1132,rickdoq,7,0.00229,64363,21.05823,305643
1133,RikiReal,7,0.00229,64370,21.06052,305643
1134,Rivers47,7,0.00229,64377,21.06281,305643
1135,rlifshay,7,0.00229,64384,21.06510,305643
1136,rockmenjack,7,0.00229,64391,21.06739,305643
1137,roguexz,7,0.00229,64398,21.06968,305643
1138,rostrovsky,7,0.00229,64405,21.07197,305643
1139,Roxolasu,7,0.00229,64412,21.07426,305643
1140,rustysys-dev,7,0.00229,64419,21.07655,305643
1141,ryanhockstad,7,0.00229,64426,21.07884,305643
1142,SadPencil,7,0.00229,64433,21.08113,305643
1143,saiarcot895,7,0.00229,64440,21.08342,305643
1144,scanon,7,0.00229,64447,21.08571,305643
1145,SebTM,7,0.00229,64454,21.08800,305643
1146,SecT0uch,7,0.00229,64461,21.09029,305643
1147,sereneshikari,7,0.00229,64468,21.09258,305643
1148,sidkshatriya,7,0.00229,64475,21.09487,305643
1149,sighoya,7,0.00229,64482,21.09716,305643
1150,skitoxe,7,0.00229,64489,21.09945,305643
1151,smakinen,7,0.00229,64496,21.10174,305643
1152,Snapstromegon,7,0.00229,64503,21.10403,305643
1153,SohumB,7,0.00229,64510,21.10632,305643
1154,soiamsoNG,7,0.00229,64517,21.10861,305643
1155,Steffen1989,7,0.00229,64524,21.11090,305643
1156,SwitchedToGitlab,7,0.00229,64531,21.11319,305643
1157,tachoknight,7,0.00229,64538,21.11548,305643
1158,talesam,7,0.00229,64545,21.11777,305643
1159,taoyouh,7,0.00229,64552,21.12006,305643
1160,tensor5,7,0.00229,64559,21.12236,305643
1161,thw0rted,7,0.00229,64566,21.12465,305643
1162,tibcoplord,7,0.00229,64573,21.12694,305643
1163,timonegk,7,0.00229,64580,21.12923,305643
1164,tkit1994,7,0.00229,64587,21.13152,305643
1165,toadstule,7,0.00229,64594,21.13381,305643
1166,tomasdedic,7,0.00229,64601,21.13610,305643
1167,TP-O,7,0.00229,64608,21.13839,305643
1168,TriplEight,7,0.00229,64615,21.14068,305643
1169,tuxflo,7,0.00229,64622,21.14297,305643
1170,ubergeek42,7,0.00229,64629,21.14526,305643
1171,UebelAndre,7,0.00229,64636,21.14755,305643
1172,ver4a,7,0.00229,64643,21.14984,305643
1173,vrms,7,0.00229,64650,21.15213,305643
1174,wLMEB,7,0.00229,64657,21.15442,305643
1175,wulfgarpro,7,0.00229,64664,21.15671,305643
1176,wzpoo,7,0.00229,64671,21.15900,305643
1177,xkr47,7,0.00229,64678,21.16129,305643
1178,yzxiu,7,0.00229,64685,21.16358,305643
1179,zeitouni99,7,0.00229,64692,21.16587,305643
1180,zephyros-dev,7,0.00229,64699,21.16816,305643
1181,2fxprogeeme,6,0.00196,64705,21.17012,305643
1182,392781,6,0.00196,64711,21.17209,305643
1183,839735495,6,0.00196,64717,21.17405,305643
1184,aaerrolla,6,0.00196,64723,21.17601,305643
1185,aanno,6,0.00196,64729,21.17798,305643
1186,Abdelaziz-Ouhammou,6,0.00196,64735,21.17994,305643
1187,acmel,6,0.00196,64741,21.18190,305643
1188,adrecord,6,0.00196,64747,21.18386,305643
1189,akvadrako,6,0.00196,64753,21.18583,305643
1190,AlexanderNull,6,0.00196,64759,21.18779,305643
1191,alexey-tikhonov,6,0.00196,64765,21.18975,305643
1192,alexshkatov,6,0.00196,64771,21.19172,305643
1193,AlexVulaj,6,0.00196,64777,21.19368,305643
1194,alisonatwork,6,0.00196,64783,21.19564,305643
1195,alvicsam,6,0.00196,64789,21.19761,305643
1196,amd-isaac,6,0.00196,64795,21.19957,305643
1197,andrew-sayers,6,0.00196,64801,21.20153,305643
1198,atykhyy,6,0.00196,64807,21.20350,305643
1199,aurany,6,0.00196,64813,21.20546,305643
1200,avlec,6,0.00196,64819,21.20742,305643
1201,awhileback,6,0.00196,64825,21.20938,305643
1202,awidjaja,6,0.00196,64831,21.21135,305643
1203,axet,6,0.00196,64837,21.21331,305643
1204,bcl,6,0.00196,64843,21.21527,305643
1205,BhawaniSingh,6,0.00196,64849,21.21724,305643
1206,BitBistro-code,6,0.00196,64855,21.21920,305643
1207,bjoli,6,0.00196,64861,21.22116,305643
1208,bmaupin,6,0.00196,64867,21.22313,305643
1209,boistordu,6,0.00196,64873,21.22509,305643
1210,brbayes-msft,6,0.00196,64879,21.22705,305643
1211,bverkron,6,0.00196,64885,21.22902,305643
1212,bwduncan,6,0.00196,64891,21.23098,305643
1213,carbolymer,6,0.00196,64897,21.23294,305643
1214,carlca,6,0.00196,64903,21.23490,305643
1215,causalityloop,6,0.00196,64909,21.23687,305643
1216,charlie-ht,6,0.00196,64915,21.23883,305643
1217,chenxy1988,6,0.00196,64921,21.24079,305643
1218,christianbueno1,6,0.00196,64927,21.24276,305643
1219,ckehoe,6,0.00196,64933,21.24472,305643
1220,ckyrouac,6,0.00196,64939,21.24668,305643
1221,clemens-zauchner,6,0.00196,64945,21.24865,305643
1222,Clivar,6,0.00196,64951,21.25061,305643
1223,codedump,6,0.00196,64957,21.25257,305643
1224,coderofsalvation,6,0.00196,64963,21.25454,305643
1225,codingben,6,0.00196,64969,21.25650,305643
1226,Crer-lu,6,0.00196,64975,21.25846,305643
1227,crisbal,6,0.00196,64981,21.26042,305643
1228,ctophs,6,0.00196,64987,21.26239,305643
1229,ctrought,6,0.00196,64993,21.26435,305643
1230,cucosion,6,0.00196,64999,21.26631,305643
1231,daledude,6,0.00196,65005,21.26828,305643
1232,DarkChaos,6,0.00196,65011,21.27024,305643
1233,Darth-Mera,6,0.00196,65017,21.27220,305643
1234,davemulford,6,0.00196,65023,21.27417,305643
1235,davidvoit,6,0.00196,65029,21.27613,305643
1236,dawidpotocki,6,0.00196,65035,21.27809,305643
1237,dcdh,6,0.00196,65041,21.28006,305643
1238,deajan,6,0.00196,65047,21.28202,305643
1239,defanator,6,0.00196,65053,21.28398,305643
1240,DennisGlindhart,6,0.00196,65059,21.28594,305643
1241,dhirschfeld,6,0.00196,65065,21.28791,305643
1242,dimon222,6,0.00196,65071,21.28987,305643
1243,dkliban,6,0.00196,65077,21.29183,305643
1244,dmennecke1,6,0.00196,65083,21.29380,305643
1245,dmotte,6,0.00196,65089,21.29576,305643
1246,DomenPigeon,6,0.00196,65095,21.29772,305643
1247,Doomsdayrs,6,0.00196,65101,21.29969,305643
1248,doppelrittberger,6,0.00196,65107,21.30165,305643
1249,dreadwrr,6,0.00196,65113,21.30361,305643
1250,dsedivec,6,0.00196,65119,21.30558,305643
1251,DynamoFox,6,0.00196,65125,21.30754,305643
1252,edgarjoao,6,0.00196,65131,21.30950,305643
1253,elbehery95,6,0.00196,65137,21.31146,305643
1254,eli-schwartz,6,0.00196,65143,21.31343,305643
1255,eveerman,6,0.00196,65149,21.31539,305643
1256,f1yn,6,0.00196,65155,21.31735,305643
1257,FallenWarrior2k,6,0.00196,65161,21.31932,305643
1258,falstaff1288,6,0.00196,65167,21.32128,305643
1259,FedericoFeresini,6,0.00196,65173,21.32324,305643
1260,flavianmissi,6,0.00196,65179,21.32521,305643
1261,freemankevin,6,0.00196,65185,21.32717,305643
1262,GamePlayer-8,6,0.00196,65191,21.32913,305643
1263,gartnera,6,0.00196,65197,21.33110,305643
1264,ginigangadharan,6,0.00196,65203,21.33306,305643
1265,gregorso,6,0.00196,65209,21.33502,305643
1266,gui-don,6,0.00196,65215,21.33698,305643
1267,hackeryarn,6,0.00196,65221,21.33895,305643
1268,heyakyra,6,0.00196,65227,21.34091,305643
1269,heyheyhello,6,0.00196,65233,21.34287,305643
1270,hoonetorg,6,0.00196,65239,21.34484,305643
1271,idolux,6,0.00196,65245,21.34680,305643
1272,imeoer,6,0.00196,65251,21.34876,305643
1273,inytar,6,0.00196,65257,21.35073,305643
1274,ioanrogers,6,0.00196,65263,21.35269,305643
1275,iskunk,6,0.00196,65269,21.35465,305643
1276,Jacalz,6,0.00196,65275,21.35662,305643
1277,jaywryan,6,0.00196,65281,21.35858,305643
1278,jeckersb,6,0.00196,65287,21.36054,305643
1279,jinglichen66,6,0.00196,65293,21.36250,305643
1280,jmozmoz,6,0.00196,65299,21.36447,305643
1281,joanbm,6,0.00196,65305,21.36643,305643
1282,joshua-stone,6,0.00196,65311,21.36839,305643
1283,joshuawhite929,6,0.00196,65317,21.37036,305643
1284,jtognazzi,6,0.00196,65323,21.37232,305643
1285,jukefr,6,0.00196,65329,21.37428,305643
1286,justadogistaken,6,0.00196,65335,21.37625,305643
1287,justinjereza,6,0.00196,65341,21.37821,305643
1288,justinkb,6,0.00196,65347,21.38017,305643
1289,kaajoldhana,6,0.00196,65353,21.38214,305643
1290,kandaaaaa,6,0.00196,65359,21.38410,305643
1291,kcak11,6,0.00196,65365,21.38606,305643
1292,kedmison,6,0.00196,65371,21.38802,305643
1293,Keith-Nowosielski-SJSU,6,0.00196,65377,21.38999,305643
1294,kenyee,6,0.00196,65383,21.39195,305643
1295,kevinanderson1,6,0.00196,65389,21.39391,305643
1296,KirilMihaylov,6,0.00196,65395,21.39588,305643
1297,kjeldflarup,6,0.00196,65401,21.39784,305643
1298,Krejza9,6,0.00196,65407,21.39980,305643
1299,KrissV2,6,0.00196,65413,21.40177,305643
1300,ks1855,6,0.00196,65419,21.40373,305643
1301,ksdd,6,0.00196,65425,21.40569,305643
1302,Lalufu,6,0.00196,65431,21.40766,305643
1303,lazka,6,0.00196,65437,21.40962,305643
1304,lc-thomas,6,0.00196,65443,21.41158,305643
1305,leadoflife,6,0.00196,65449,21.41354,305643
1306,LeiYangGH,6,0.00196,65455,21.41551,305643
1307,leonardolang,6,0.00196,65461,21.41747,305643
1308,leonidas-o,6,0.00196,65467,21.41943,305643
1309,limburgher,6,0.00196,65473,21.42140,305643
1310,Lippiece,6,0.00196,65479,21.42336,305643
1311,Logibox,6,0.00196,65485,21.42532,305643
1312,LucaFulchir,6,0.00196,65491,21.42729,305643
1313,Luminger,6,0.00196,65497,21.42925,305643
1314,m4z,6,0.00196,65503,21.43121,305643
1315,m7mdkamal,6,0.00196,65509,21.43318,305643
1316,Madeeks,6,0.00196,65515,21.43514,305643
1317,MadSpindel,6,0.00196,65521,21.43710,305643
1318,maikelmeyers79,6,0.00196,65527,21.43906,305643
1319,malaiwah,6,0.00196,65533,21.44103,305643
1320,marcodelapierre,6,0.00196,65539,21.44299,305643
1321,matheusfenolio,6,0.00196,65545,21.44495,305643
1322,mattp-,6,0.00196,65551,21.44692,305643
1323,michaeloa,6,0.00196,65557,21.44888,305643
1324,mrguitar,6,0.00196,65563,21.45084,305643
1325,mrmadira,6,0.00196,65569,21.45281,305643
1326,muhdsalm,6,0.00196,65575,21.45477,305643
1327,mybigman,6,0.00196,65581,21.45673,305643
1328,nanonyme,6,0.00196,65587,21.45870,305643
1329,Nativu5,6,0.00196,65593,21.46066,305643
1330,nccurry,6,0.00196,65599,21.46262,305643
1331,nd2408,6,0.00196,65605,21.46458,305643
1332,ndbroadbent,6,0.00196,65611,21.46655,305643
1333,neiloss,6,0.00196,65617,21.46851,305643
1334,nickthetait,6,0.00196,65623,21.47047,305643
1335,nightlark,6,0.00196,65629,21.47244,305643
1336,nkartem,6,0.00196,65635,21.47440,305643
1337,ondrejbudai,6,0.00196,65641,21.47636,305643
1338,parthyadav3105,6,0.00196,65647,21.47833,305643
1339,paulraines68,6,0.00196,65653,21.48029,305643
1340,Pawanpreetkaur175,6,0.00196,65659,21.48225,305643
1341,peterlobster,6,0.00196,65665,21.48422,305643
1342,philippjenni,6,0.00196,65671,21.48618,305643
1343,Phuurl,6,0.00196,65677,21.48814,305643
1344,Plat0nicS0lid,6,0.00196,65683,21.49010,305643
1345,ponimas,6,0.00196,65689,21.49207,305643
1346,popescore,6,0.00196,65695,21.49403,305643
1347,psadi,6,0.00196,65701,21.49599,305643
1348,pschiffe,6,0.00196,65707,21.49796,305643
1349,PunkFleet,6,0.00196,65713,21.49992,305643
1350,qdel,6,0.00196,65719,21.50188,305643
1351,quarckster,6,0.00196,65725,21.50385,305643
1352,quietsoviet,6,0.00196,65731,21.50581,305643
1353,RaghavRao,6,0.00196,65737,21.50777,305643
1354,raqqun,6,0.00196,65743,21.50974,305643
1355,Rayqan,6,0.00196,65749,21.51170,305643
1356,restitux,6,0.00196,65755,21.51366,305643
1357,riccardo-forina,6,0.00196,65761,21.51562,305643
1358,rsarpal,6,0.00196,65767,21.51759,305643
1359,rstreif,6,0.00196,65773,21.51955,305643
1360,ruddy32,6,0.00196,65779,21.52151,305643
1361,rudolfvesely,6,0.00196,65785,21.52348,305643
1362,Sandeepgo,6,0.00196,65791,21.52544,305643
1363,savemuri,6,0.00196,65797,21.52740,305643
1364,sedyh,6,0.00196,65803,21.52937,305643
1365,sema200,6,0.00196,65809,21.53133,305643
1366,shblue21,6,0.00196,65815,21.53329,305643
1367,Shrinibolli,6,0.00196,65821,21.53526,305643
1368,sify21,6,0.00196,65827,21.53722,305643
1369,Sitin,6,0.00196,65833,21.53918,305643
1370,skyblaster,6,0.00196,65839,21.54114,305643
1371,skywalker512,6,0.00196,65845,21.54311,305643
1372,snowhanse,6,0.00196,65851,21.54507,305643
1373,snprajwal,6,0.00196,65857,21.54703,305643
1374,st0nie,6,0.00196,65863,21.54900,305643
1375,stangerm2,6,0.00196,65869,21.55096,305643
1376,stephanritscher,6,0.00196,65875,21.55292,305643
1377,sudhirtomar,6,0.00196,65881,21.55489,305643
1378,swogat,6,0.00196,65887,21.55685,305643
1379,Swympy,6,0.00196,65893,21.55881,305643
1380,szarykott,6,0.00196,65899,21.56078,305643
1381,TarteFraises,6,0.00196,65905,21.56274,305643
1382,tartina,6,0.00196,65911,21.56470,305643
1383,TaylorHere,6,0.00196,65917,21.56666,305643
1384,tfranken90,6,0.00196,65923,21.56863,305643
1385,TheSiman,6,0.00196,65929,21.57059,305643
1386,tholeb,6,0.00196,65935,21.57255,305643
1387,tijder,6,0.00196,65941,21.57452,305643
1388,tisc0,6,0.00196,65947,21.57648,305643
1389,tis-rpage,6,0.00196,65953,21.57844,305643
1390,tjanez,6,0.00196,65959,21.58041,305643
1391,tnubeo1111,6,0.00196,65965,21.58237,305643
1392,ttsuuubasa,6,0.00196,65971,21.58433,305643
1393,TuckerVaughan,6,0.00196,65977,21.58630,305643
1394,twagtwig,6,0.00196,65983,21.58826,305643
1395,ubergeek77,6,0.00196,65989,21.59022,305643
1396,uogbuji,6,0.00196,65995,21.59218,305643
1397,valentindavid,6,0.00196,66001,21.59415,305643
1398,vguaglione,6,0.00196,66007,21.59611,305643
1399,vikram077,6,0.00196,66013,21.59807,305643
1400,vilgotf,6,0.00196,66019,21.60004,305643
1401,vipinvkmenon,6,0.00196,66025,21.60200,305643
1402,voquangphu,6,0.00196,66031,21.60396,305643
1403,vrapolinario,6,0.00196,66037,21.60593,305643
1404,vv9k,6,0.00196,66043,21.60789,305643
1405,webbnh,6,0.00196,66049,21.60985,305643
1406,webknjaz,6,0.00196,66055,21.61182,305643
1407,WintersMichael,6,0.00196,66061,21.61378,305643
1408,xinato,6,0.00196,66067,21.61574,305643
1409,Yannik,6,0.00196,66073,21.61770,305643
1410,yklin2022,6,0.00196,66079,21.61967,305643
1411,yogo1212,6,0.00196,66085,21.62163,305643
1412,ziXet,6,0.00196,66091,21.62359,305643
1413,zubcevic,6,0.00196,66097,21.62556,305643
1414,6ramr,5,0.00164,66102,21.62719,305643
1415,777GE90,5,0.00164,66107,21.62883,305643
1416,9p4,5,0.00164,66112,21.63046,305643
1417,AbdelrahmanElawady,5,0.00164,66117,21.63210,305643
1418,adamaze,5,0.00164,66122,21.63374,305643
1419,aipec,5,0.00164,66127,21.63537,305643
1420,ajayr2512,5,0.00164,66132,21.63701,305643
1421,akshatsharma4,5,0.00164,66137,21.63864,305643
1422,al-cheb,5,0.00164,66142,21.64028,305643
1423,Alex-Izquierdo,5,0.00164,66147,21.64192,305643
1424,amtdas,5,0.00164,66152,21.64355,305643
1425,andrewleech,5,0.00164,66157,21.64519,305643
1426,Andreyooo,5,0.00164,66162,21.64682,305643
1427,andryyy,5,0.00164,66167,21.64846,305643
1428,AParida23,5,0.00164,66172,21.65010,305643
1429,aplatypus,5,0.00164,66177,21.65173,305643
1430,AriFordsham,5,0.00164,66182,21.65337,305643
1431,ArjenKorevaar,5,0.00164,66187,21.65500,305643
1432,availhang,5,0.00164,66192,21.65664,305643
1433,averyfreeman,5,0.00164,66197,21.65827,305643
1434,avnav0,5,0.00164,66202,21.65991,305643
1435,awhitepl,5,0.00164,66207,21.66155,305643
1436,awildturtok,5,0.00164,66212,21.66318,305643
1437,b3n3w,5,0.00164,66217,21.66482,305643
1438,bbannier,5,0.00164,66222,21.66645,305643
1439,bcdarwin,5,0.00164,66227,21.66809,305643
1440,bcooksley,5,0.00164,66232,21.66973,305643
1441,beewoolie,5,0.00164,66237,21.67136,305643
1442,benatshippabo,5,0.00164,66242,21.67300,305643
1443,benblasco,5,0.00164,66247,21.67463,305643
1444,berquist,5,0.00164,66252,21.67627,305643
1445,bexelbie,5,0.00164,66257,21.67791,305643
1446,bfields3,5,0.00164,66262,21.67954,305643
1447,bguezzie,5,0.00164,66267,21.68118,305643
1448,bnwhorton,5,0.00164,66272,21.68281,305643
1449,bocmanpy,5,0.00164,66277,21.68445,305643
1450,brianmcarey,5,0.00164,66282,21.68608,305643
1451,BrianSidebotham,5,0.00164,66287,21.68772,305643
1452,bridgesense,5,0.00164,66292,21.68936,305643
1453,bschramke,5,0.00164,66297,21.69099,305643
1454,Bshukrallah22,5,0.00164,66302,21.69263,305643
1455,buleherb,5,0.00164,66307,21.69426,305643
1456,butleger,5,0.00164,66312,21.69590,305643
1457,buvoli,5,0.00164,66317,21.69754,305643
1458,CA-Demetriade,5,0.00164,66322,21.69917,305643
1459,calvin2021y,5,0.00164,66327,21.70081,305643
1460,Cameron-Kurotori,5,0.00164,66332,21.70244,305643
1461,cbz,5,0.00164,66337,21.70408,305643
1462,cfelder,5,0.00164,66342,21.70572,305643
1463,CGNonofr,5,0.00164,66347,21.70735,305643
1464,chilicat,5,0.00164,66352,21.70899,305643
1465,chintan-mishra,5,0.00164,66357,21.71062,305643
1466,chrishoina,5,0.00164,66362,21.71226,305643
1467,chsasank,5,0.00164,66367,21.71389,305643
1468,cmacq2,5,0.00164,66372,21.71553,305643
1469,Constantin1489,5,0.00164,66377,21.71717,305643
1470,craftyguy,5,0.00164,66382,21.71880,305643
1471,cynecx,5,0.00164,66387,21.72044,305643
1472,damienrg,5,0.00164,66392,21.72207,305643
1473,dangowrt,5,0.00164,66397,21.72371,305643
1474,DanielViglione,5,0.00164,66402,21.72535,305643
1475,danifv,5,0.00164,66407,21.72698,305643
1476,dan-m8t,5,0.00164,66412,21.72862,305643
1477,DanStory,5,0.00164,66417,21.73025,305643
1478,Darkclainer,5,0.00164,66422,21.73189,305643
1479,darrenfoong,5,0.00164,66427,21.73353,305643
1480,davidshumway,5,0.00164,66432,21.73516,305643
1481,debu999,5,0.00164,66437,21.73680,305643
1482,dedenf,5,0.00164,66442,21.73843,305643
1483,Delet0r,5,0.00164,66447,21.74007,305643
1484,dg424,5,0.00164,66452,21.74171,305643
1485,dirextric,5,0.00164,66457,21.74334,305643
1486,djhoese,5,0.00164,66462,21.74498,305643
1487,dmitry-a-l,5,0.00164,66467,21.74661,305643
1488,domo141,5,0.00164,66472,21.74825,305643
1489,dshenai,5,0.00164,66477,21.74988,305643
1490,dtmdl,5,0.00164,66482,21.75152,305643
1491,DustinKLo,5,0.00164,66487,21.75316,305643
1492,emersion,5,0.00164,66492,21.75479,305643
1493,entrope,5,0.00164,66497,21.75643,305643
1494,erolkskn,5,0.00164,66502,21.75806,305643
1495,escape0707,5,0.00164,66507,21.75970,305643
1496,eZioPan,5,0.00164,66512,21.76134,305643
1497,felix2908,5,0.00164,66517,21.76297,305643
1498,fgiorgetti,5,0.00164,66522,21.76461,305643
1499,fhwsuper,5,0.00164,66527,21.76624,305643
1500,flo-at,5,0.00164,66532,21.76788,305643
1501,forlinran,5,0.00164,66537,21.76952,305643
1502,FrankyBoy,5,0.00164,66542,21.77115,305643
1503,fschwa,5,0.00164,66547,21.77279,305643
1504,g00g1,5,0.00164,66552,21.77442,305643
1505,galli-leo,5,0.00164,66557,21.77606,305643
1506,garrett,5,0.00164,66562,21.77769,305643
1507,Gaurang2811,5,0.00164,66567,21.77933,305643
1508,gautaz,5,0.00164,66572,21.78097,305643
1509,gcalin,5,0.00164,66577,21.78260,305643
1510,gdm85,5,0.00164,66582,21.78424,305643
1511,GDYendell,5,0.00164,66587,21.78587,305643
1512,geertpingen,5,0.00164,66592,21.78751,305643
1513,georgek,5,0.00164,66597,21.78915,305643
1514,GerrySeidman,5,0.00164,66602,21.79078,305643
1515,giuliohome,5,0.00164,66607,21.79242,305643
1516,GKSONG,5,0.00164,66612,21.79405,305643
1517,goshansp,5,0.00164,66617,21.79569,305643
1518,groogiam,5,0.00164,66622,21.79733,305643
1519,guss77,5,0.00164,66627,21.79896,305643
1520,h1dden-da3m0n,5,0.00164,66632,21.80060,305643
1521,hardcore-sushi,5,0.00164,66637,21.80223,305643
1522,HareToAme,5,0.00164,66642,21.80387,305643
1523,hiimheregit,5,0.00164,66647,21.80551,305643
1524,holen-zhang,5,0.00164,66652,21.80714,305643
1525,horacimacias,5,0.00164,66657,21.80878,305643
1526,hussam-qasem,5,0.00164,66662,21.81041,305643
1527,iinuwa,5,0.00164,66667,21.81205,305643
1528,IlmariTamminen,5,0.00164,66672,21.81368,305643
1529,IMetZach,5,0.00164,66677,21.81532,305643
1530,informeti,5,0.00164,66682,21.81696,305643
1531,irispenker,5,0.00164,66687,21.81859,305643
1532,ItsKonix,5,0.00164,66692,21.82023,305643
1533,j3mdamas,5,0.00164,66697,21.82186,305643
1534,jackete2,5,0.00164,66702,21.82350,305643
1535,jainamtrivedi-crest,5,0.00164,66707,21.82514,305643
1536,jam49,5,0.00164,66712,21.82677,305643
1537,jamesmikesell,5,0.00164,66717,21.82841,305643
1538,jave,5,0.00164,66722,21.83004,305643
1539,jayache80,5,0.00164,66727,21.83168,305643
1540,jd-boyd,5,0.00164,66732,21.83332,305643
1541,jeffh-id,5,0.00164,66737,21.83495,305643
1542,jkirkpatrick,5,0.00164,66742,21.83659,305643
1543,jmencak,5,0.00164,66747,21.83822,305643
1544,Joerg-L,5,0.00164,66752,21.83986,305643
1545,johnthagen,5,0.00164,66757,21.84149,305643
1546,johrstrom,5,0.00164,66762,21.84313,305643
1547,jokajak,5,0.00164,66767,21.84477,305643
1548,jonded94,5,0.00164,66772,21.84640,305643
1549,joshmcorreia,5,0.00164,66777,21.84804,305643
1550,Joulinar,5,0.00164,66782,21.84967,305643
1551,jtluka,5,0.00164,66787,21.85131,305643
1552,judaew,5,0.00164,66792,21.85295,305643
1553,jvullo,5,0.00164,66797,21.85458,305643
1554,kajinamit,5,0.00164,66802,21.85622,305643
1555,kekekekekeshi,5,0.00164,66807,21.85785,305643
1556,kelvie-pstg,5,0.00164,66812,21.85949,305643
1557,kevinwylder,5,0.00164,66817,21.86113,305643
1558,Keyruu,5,0.00164,66822,21.86276,305643
1559,khassad,5,0.00164,66827,21.86440,305643
1560,king-phyte,5,0.00164,66832,21.86603,305643
1561,kitforbes,5,0.00164,66837,21.86767,305643
1562,koalawangyang,5,0.00164,66842,21.86931,305643
1563,kp2401075,5,0.00164,66847,21.87094,305643
1564,krrg,5,0.00164,66852,21.87258,305643
1565,ksw2000,5,0.00164,66857,21.87421,305643
1566,kushalagrawal,5,0.00164,66862,21.87585,305643
1567,laolux,5,0.00164,66867,21.87748,305643
1568,larry-cable,5,0.00164,66872,21.87912,305643
1569,LastLightSith,5,0.00164,66877,21.88076,305643
1570,laurent-martin,5,0.00164,66882,21.88239,305643
1571,l-austenfeld,5,0.00164,66887,21.88403,305643
1572,lededev,5,0.00164,66892,21.88566,305643
1573,lemmi,5,0.00164,66897,21.88730,305643
1574,lenox-joseph,5,0.00164,66902,21.88894,305643
1575,lilinxiong,5,0.00164,66907,21.89057,305643
1576,Limpan,5,0.00164,66912,21.89221,305643
1577,linuxnow,5,0.00164,66917,21.89384,305643
1578,literatesnow,5,0.00164,66922,21.89548,305643
1579,liticia-hub,5,0.00164,66927,21.89712,305643
1580,Loches525,5,0.00164,66932,21.89875,305643
1581,loeffelpan,5,0.00164,66937,21.90039,305643
1582,lukash,5,0.00164,66942,21.90202,305643
1583,mangeshpanche,5,0.00164,66947,21.90366,305643
1584,maorv,5,0.00164,66952,21.90529,305643
1585,marcelstoer,5,0.00164,66957,21.90693,305643
1586,MarkusSchoelzel,5,0.00164,66962,21.90857,305643
1587,markzhang1996,5,0.00164,66967,21.91020,305643
1588,marvin42-fr,5,0.00164,66972,21.91184,305643
1589,Masber,5,0.00164,66977,21.91347,305643
1590,MastermindPanda,5,0.00164,66982,21.91511,305643
1591,mattclay,5,0.00164,66987,21.91675,305643
1592,maxxberg,5,0.00164,66992,21.91838,305643
1593,mbien,5,0.00164,66997,21.92002,305643
1594,mecurc,5,0.00164,67002,21.92165,305643
1595,misuto,5,0.00164,67007,21.92329,305643
1596,misuzu,5,0.00164,67012,21.92493,305643
1597,molar,5,0.00164,67017,21.92656,305643
1598,Moltey,5,0.00164,67022,21.92820,305643
1599,moose-byte,5,0.00164,67027,21.92983,305643
1600,Morgyn,5,0.00164,67032,21.93147,305643
1601,mporrato,5,0.00164,67037,21.93310,305643
1602,MrWong99,5,0.00164,67042,21.93474,305643
1603,ms42Q,5,0.00164,67047,21.93638,305643
1604,mschz,5,0.00164,67052,21.93801,305643
1605,Mte90,5,0.00164,67057,21.93965,305643
1606,mwakaba2,5,0.00164,67062,21.94128,305643
1607,namazso,5,0.00164,67067,21.94292,305643
1608,namloc2001,5,0.00164,67072,21.94456,305643
1609,Napuu,5,0.00164,67077,21.94619,305643
1610,NemoTR,5,0.00164,67082,21.94783,305643
1611,neoninteger,5,0.00164,67087,21.94946,305643
1612,ngaller,5,0.00164,67092,21.95110,305643
1613,niccantieni,5,0.00164,67097,21.95274,305643
1614,nickhobbs94,5,0.00164,67102,21.95437,305643
1615,nikgoodley-ibboost,5,0.00164,67107,21.95601,305643
1616,Nilos,5,0.00164,67112,21.95764,305643
1617,nitzmahone,5,0.00164,67117,21.95928,305643
1618,njam,5,0.00164,67122,21.96092,305643
1619,Noksa,5,0.00164,67127,21.96255,305643
1620,nomadme,5,0.00164,67132,21.96419,305643
1621,ntsbtz,5,0.00164,67137,21.96582,305643
1622,ogarcia,5,0.00164,67142,21.96746,305643
1623,oleastre,5,0.00164,67147,21.96909,305643
1624,olifre,5,0.00164,67152,21.97073,305643
1625,osalbahr,5,0.00164,67157,21.97237,305643
1626,oshamin,5,0.00164,67162,21.97400,305643
1627,otavio-silva,5,0.00164,67167,21.97564,305643
1628,PangHLIT,5,0.00164,67172,21.97727,305643
1629,paolobarbolini,5,0.00164,67177,21.97891,305643
1630,partiallyordered,5,0.00164,67182,21.98055,305643
1631,patchon,5,0.00164,67187,21.98218,305643
1632,peter-crist,5,0.00164,67192,21.98382,305643
1633,popcorn9499,5,0.00164,67197,21.98545,305643
1634,ppillai7777,5,0.00164,67202,21.98709,305643
1635,prabu4git,5,0.00164,67207,21.98873,305643
1636,puppy61,5,0.00164,67212,21.99036,305643
1637,pzl,5,0.00164,67217,21.99200,305643
1638,q0w,5,0.00164,67222,21.99363,305643
1639,quite,5,0.00164,67227,21.99527,305643
1640,rachnajain-ibm,5,0.00164,67232,21.99690,305643
1641,raimundomartins,5,0.00164,67237,21.99854,305643
1642,rajveermalviya,5,0.00164,67242,22.00018,305643
1643,ray-kast,5,0.00164,67247,22.00181,305643
1644,raz3k,5,0.00164,67252,22.00345,305643
1645,rcsilva83,5,0.00164,67257,22.00508,305643
1646,RedTopper,5,0.00164,67262,22.00672,305643
1647,rknop,5,0.00164,67267,22.00836,305643
1648,robahtou,5,0.00164,67272,22.00999,305643
1649,RobertBerger,5,0.00164,67277,22.01163,305643
1650,robmoore-i,5,0.00164,67282,22.01326,305643
1651,romanstech,5,0.00164,67287,22.01490,305643
1652,rorshik,5,0.00164,67292,22.01654,305643
1653,rskntroot,5,0.00164,67297,22.01817,305643
1654,ryancausey,5,0.00164,67302,22.01981,305643
1655,ryanchpowell,5,0.00164,67307,22.02144,305643
1656,ryukinix,5,0.00164,67312,22.02308,305643
1657,samarAvi,5,0.00164,67317,22.02472,305643
1658,saprette,5,0.00164,67322,22.02635,305643
1659,sarayourfriend,5,0.00164,67327,22.02799,305643
1660,sec841,5,0.00164,67332,22.02962,305643
1661,sedrubal,5,0.00164,67337,22.03126,305643
1662,shaunmayo,5,0.00164,67342,22.03289,305643
1663,shivanthi-amara,5,0.00164,67347,22.03453,305643
1664,shoeffner,5,0.00164,67352,22.03617,305643
1665,sinnykumari,5,0.00164,67357,22.03780,305643
1666,sm453,5,0.00164,67362,22.03944,305643
1667,Smahane,5,0.00164,67367,22.04107,305643
1668,smallest-quark,5,0.00164,67372,22.04271,305643
1669,soft4rchitecture,5,0.00164,67377,22.04435,305643
1670,sourabhsharma487,5,0.00164,67382,22.04598,305643
1671,space88man,5,0.00164,67387,22.04762,305643
1672,Spitfire1900,5,0.00164,67392,22.04925,305643
1673,srix55,5,0.00164,67397,22.05089,305643
1674,st3iny,5,0.00164,67402,22.05253,305643
1675,steadysupply,5,0.00164,67407,22.05416,305643
1676,stuertz,5,0.00164,67412,22.05580,305643
1677,SUDALV92,5,0.00164,67417,22.05743,305643
1678,Sumi-Sumi,5,0.00164,67422,22.05907,305643
1679,SumitSharma-007,5,0.00164,67427,22.06070,305643
1680,sureshgadupu,5,0.00164,67432,22.06234,305643
1681,Surfrdan,5,0.00164,67437,22.06398,305643
1682,sylvester-x,5,0.00164,67442,22.06561,305643
1683,TAK-YON,5,0.00164,67447,22.06725,305643
1684,tdashton,5,0.00164,67452,22.06888,305643
1685,tebeco,5,0.00164,67457,22.07052,305643
1686,terion-name,5,0.00164,67462,22.07216,305643
1687,tghosgor,5,0.00164,67467,22.07379,305643
1688,Thaodan,5,0.00164,67472,22.07543,305643
1689,TheComputerM,5,0.00164,67477,22.07706,305643
1690,thecubic,5,0.00164,67482,22.07870,305643
1691,theexplorist,5,0.00164,67487,22.08034,305643
1692,TheMasterFX,5,0.00164,67492,22.08197,305643
1693,TheRealHnefi,5,0.00164,67497,22.08361,305643
1694,thomassuedbroecker,5,0.00164,67502,22.08524,305643
1695,timmydo,5,0.00164,67507,22.08688,305643
1696,tk185141,5,0.00164,67512,22.08852,305643
1697,tthvo,5,0.00164,67517,22.09015,305643
1698,twolffpiggott,5,0.00164,67522,22.09179,305643
1699,uaru,5,0.00164,67527,22.09342,305643
1700,unicman,5,0.00164,67532,22.09506,305643
1701,urisimchoni,5,0.00164,67537,22.09669,305643
1702,uvatbc,5,0.00164,67542,22.09833,305643
1703,vchandela,5,0.00164,67547,22.09997,305643
1704,velvetkeyboard,5,0.00164,67552,22.10160,305643
1705,veniceofcode,5,0.00164,67557,22.10324,305643
1706,ventifus,5,0.00164,67562,22.10487,305643
1707,Vic-M,5,0.00164,67567,22.10651,305643
1708,villytiger,5,0.00164,67572,22.10815,305643
1709,voguy,5,0.00164,67577,22.10978,305643
1710,vuori,5,0.00164,67582,22.11142,305643
1711,web-refinery,5,0.00164,67587,22.11305,305643
1712,wherka-ama,5,0.00164,67592,22.11469,305643
1713,white-gecko,5,0.00164,67597,22.11633,305643
1714,wjt,5,0.00164,67602,22.11796,305643
1715,wlei27,5,0.00164,67607,22.11960,305643
1716,XANi,5,0.00164,67612,22.12123,305643
1717,xpahos,5,0.00164,67617,22.12287,305643
1718,yamrzou,5,0.00164,67622,22.12450,305643
1719,Zlopez,5,0.00164,67627,22.12614,305643
1720,zozo6015,5,0.00164,67632,22.12778,305643
1721,Zplusless,5,0.00164,67637,22.12941,305643
1722,0x0916,4,0.00131,67641,22.13072,305643
1723,0xb35c,4,0.00131,67645,22.13203,305643
1724,2926295173,4,0.00131,67649,22.13334,305643
1725,321sp,4,0.00131,67653,22.13465,305643
1726,aagit,4,0.00131,67657,22.13596,305643
1727,abpatwa,4,0.00131,67661,22.13726,305643
1728,acharbha,4,0.00131,67665,22.13857,305643
1729,acidumirae,4,0.00131,67669,22.13988,305643
1730,acrispino,4,0.00131,67673,22.14119,305643
1731,adamjk-dev,4,0.00131,67677,22.14250,305643
1732,adippl,4,0.00131,67681,22.14381,305643
1733,adrian5,4,0.00131,67685,22.14512,305643
1734,Aenimus,4,0.00131,67689,22.14643,305643
1735,aetherith,4,0.00131,67693,22.14773,305643
1736,agherzan,4,0.00131,67697,22.14904,305643
1737,akaci-a,4,0.00131,67701,22.15035,305643
1738,alanorth,4,0.00131,67705,22.15166,305643
1739,AlekseiNikiforovIBM,4,0.00131,67709,22.15297,305643
1740,aleleba,4,0.00131,67713,22.15428,305643
1741,alexanderankin,4,0.00131,67717,22.15559,305643
1742,AlexanderSamoilov,4,0.00131,67721,22.15690,305643
1743,allanp35,4,0.00131,67725,22.15820,305643
1744,alucryd,4,0.00131,67729,22.15951,305643
1745,alvesb-fd,4,0.00131,67733,22.16082,305643
1746,Andre-85,4,0.00131,67737,22.16213,305643
1747,andrewaylett,4,0.00131,67741,22.16344,305643
1748,anishp55,4,0.00131,67745,22.16475,305643
1749,ant-bl,4,0.00131,67749,22.16606,305643
1750,AnthonyPoschen,4,0.00131,67753,22.16737,305643
1751,antifuchs,4,0.00131,67757,22.16867,305643
1752,antonkoenig,4,0.00131,67761,22.16998,305643
1753,aoxiangtianji,4,0.00131,67765,22.17129,305643
1754,arata-kokubun,4,0.00131,67769,22.17260,305643
1755,aric49,4,0.00131,67773,22.17391,305643
1756,arjun024,4,0.00131,67777,22.17522,305643
1757,Arryboom,4,0.00131,67781,22.17653,305643
1758,artemdxc,4,0.00131,67785,22.17783,305643
1759,a-shirshov,4,0.00131,67789,22.17914,305643
1760,ashleysommer,4,0.00131,67793,22.18045,305643
1761,asm0deuz,4,0.00131,67797,22.18176,305643
1762,assarbad,4,0.00131,67801,22.18307,305643
1763,Asutorufa,4,0.00131,67805,22.18438,305643
1764,Atharva8,4,0.00131,67809,22.18569,305643
1765,a-trout-in-the-milk,4,0.00131,67813,22.18700,305643
1766,auwsom,4,0.00131,67817,22.18830,305643
1767,avin3sh,4,0.00131,67821,22.18961,305643
1768,bacher09,4,0.00131,67825,22.19092,305643
1769,Backfighter,4,0.00131,67829,22.19223,305643
1770,bcat,4,0.00131,67833,22.19354,305643
1771,benbro,4,0.00131,67837,22.19485,305643
1772,BernhardPosselt,4,0.00131,67841,22.19616,305643
1773,bhanukumar22,4,0.00131,67845,22.19747,305643
1774,binaryfields,4,0.00131,67849,22.19877,305643
1775,bittracker,4,0.00131,67853,22.20008,305643
1776,blevz,4,0.00131,67857,22.20139,305643
1777,Bmanesco,4,0.00131,67861,22.20270,305643
1778,booleanvariable,4,0.00131,67865,22.20401,305643
1779,boutell,4,0.00131,67869,22.20532,305643
1780,bpfoster,4,0.00131,67873,22.20663,305643
1781,bpmooch,4,0.00131,67877,22.20794,305643
1782,brendon,4,0.00131,67881,22.20924,305643
1783,BrunoCoimbra,4,0.00131,67885,22.21055,305643
1784,bschacht,4,0.00131,67889,22.21186,305643
1785,BuddhiLW,4,0.00131,67893,22.21317,305643
1786,bwoodsend,4,0.00131,67897,22.21448,305643
1787,carlocab,4,0.00131,67901,22.21579,305643
1788,carlos-algms,4,0.00131,67905,22.21710,305643
1789,CCranney,4,0.00131,67909,22.21841,305643
1790,CendioMartin,4,0.00131,67913,22.21971,305643
1791,chaim1221,4,0.00131,67917,22.22102,305643
1792,cherdt,4,0.00131,67921,22.22233,305643
1793,chpio,4,0.00131,67925,22.22364,305643
1794,chrisbraucker,4,0.00131,67929,22.22495,305643
1795,chymian,4,0.00131,67933,22.22626,305643
1796,ciandonovan,4,0.00131,67937,22.22757,305643
1797,cloud-yu,4,0.00131,67941,22.22887,305643
1798,coandco,4,0.00131,67945,22.23018,305643
1799,codemeddler,4,0.00131,67949,22.23149,305643
1800,codequester,4,0.00131,67953,22.23280,305643
1801,CoenraadS,4,0.00131,67957,22.23411,305643
1802,ConorSheehan1,4,0.00131,67961,22.23542,305643
1803,Craconia,4,0.00131,67965,22.23673,305643
1804,DaanGebraad,4,0.00131,67969,22.23804,305643
1805,dada513,4,0.00131,67973,22.23934,305643
1806,damaestro,4,0.00131,67977,22.24065,305643
1807,dancs-dev,4,0.00131,67981,22.24196,305643
1808,dandan2000,4,0.00131,67985,22.24327,305643
1809,dariuszparys,4,0.00131,67989,22.24458,305643
1810,darrellenns,4,0.00131,67993,22.24589,305643
1811,DaTurr3t,4,0.00131,67997,22.24720,305643
1812,davejwatson,4,0.00131,68001,22.24851,305643
1813,DavidHaltinner,4,0.00131,68005,22.24981,305643
1814,davidhsingyuchen,4,0.00131,68009,22.25112,305643
1815,DavidMachacek,4,0.00131,68013,22.25243,305643
1816,dayjaby,4,0.00131,68017,22.25374,305643
1817,dcaravel,4,0.00131,68021,22.25505,305643
1818,dcraigmv,4,0.00131,68025,22.25636,305643
1819,ddarrah,4,0.00131,68029,22.25767,305643
1820,deeplow,4,0.00131,68033,22.25898,305643
1821,desebjohnston,4,0.00131,68037,22.26028,305643
1822,Desiki-high,4,0.00131,68041,22.26159,305643
1823,dev590t,4,0.00131,68045,22.26290,305643
1824,deversmann,4,0.00131,68049,22.26421,305643
1825,devlocalca,4,0.00131,68053,22.26552,305643
1826,dev-techmoe,4,0.00131,68057,22.26683,305643
1827,dewthefifth,4,0.00131,68061,22.26814,305643
1828,diegosiao,4,0.00131,68065,22.26945,305643
1829,diegoturcios,4,0.00131,68069,22.27075,305643
1830,DistantThunder,4,0.00131,68073,22.27206,305643
1831,djettah,4,0.00131,68077,22.27337,305643
1832,djgraff209,4,0.00131,68081,22.27468,305643
1833,djohn156,4,0.00131,68085,22.27599,305643
1834,dnt238,4,0.00131,68089,22.27730,305643
1835,donnyv12,4,0.00131,68093,22.27861,305643
1836,dorfsmay,4,0.00131,68097,22.27991,305643
1837,dougbreaux,4,0.00131,68101,22.28122,305643
1838,douggutaby,4,0.00131,68105,22.28253,305643
1839,droogmic,4,0.00131,68109,22.28384,305643
1840,dschulten,4,0.00131,68113,22.28515,305643
1841,duckasylum,4,0.00131,68117,22.28646,305643
1842,dwagin,4,0.00131,68121,22.28777,305643
1843,e3dio,4,0.00131,68125,22.28908,305643
1844,eastonman,4,0.00131,68129,22.29038,305643
1845,ebousse,4,0.00131,68133,22.29169,305643
1846,edbaunton,4,0.00131,68137,22.29300,305643
1847,EdwinKM,4,0.00131,68141,22.29431,305643
1848,eetiez,4,0.00131,68145,22.29562,305643
1849,elacheche,4,0.00131,68149,22.29693,305643
1850,elgorro,4,0.00131,68153,22.29824,305643
1851,elouanjef,4,0.00131,68157,22.29955,305643
1852,emansom,4,0.00131,68161,22.30085,305643
1853,EmmanuelKasper,4,0.00131,68165,22.30216,305643
1854,enhaut,4,0.00131,68169,22.30347,305643
1855,enyineer,4,0.00131,68173,22.30478,305643
1856,epartridge16,4,0.00131,68177,22.30609,305643
1857,er-eg,4,0.00131,68181,22.30740,305643
1858,eshaingle,4,0.00131,68185,22.30871,305643
1859,esthomw,4,0.00131,68189,22.31002,305643
1860,ethankent,4,0.00131,68193,22.31132,305643
1861,evoio,4,0.00131,68197,22.31263,305643
1862,exaexa,4,0.00131,68201,22.31394,305643
1863,expers-vis,4,0.00131,68205,22.31525,305643
1864,fatindeed,4,0.00131,68209,22.31656,305643
1865,faulesocke,4,0.00131,68213,22.31787,305643
1866,fboerman,4,0.00131,68217,22.31918,305643
1867,fcabralpacheco,4,0.00131,68221,22.32049,305643
1868,fgimian,4,0.00131,68225,22.32179,305643
1869,FishyFine,4,0.00131,68229,22.32310,305643
1870,fjorgemota,4,0.00131,68233,22.32441,305643
1871,FlorianLoch,4,0.00131,68237,22.32572,305643
1872,floriplum,4,0.00131,68241,22.32703,305643
1873,Folling,4,0.00131,68245,22.32834,305643
1874,FourLeafTec,4,0.00131,68249,22.32965,305643
1875,FrankNatoli,4,0.00131,68253,22.33095,305643
1876,Friz-zy,4,0.00131,68257,22.33226,305643
1877,frroool,4,0.00131,68261,22.33357,305643
1878,fruttasecca,4,0.00131,68265,22.33488,305643
1879,fwiesel,4,0.00131,68269,22.33619,305643
1880,GabLeRoux,4,0.00131,68273,22.33750,305643
1881,gabrielpantiru,4,0.00131,68277,22.33881,305643
1882,gabrimonfa,4,0.00131,68281,22.34012,305643
1883,Gaibhne,4,0.00131,68285,22.34142,305643
1884,galitker,4,0.00131,68289,22.34273,305643
1885,GaryRevell,4,0.00131,68293,22.34404,305643
1886,gasinvein,4,0.00131,68297,22.34535,305643
1887,gattytto,4,0.00131,68301,22.34666,305643
1888,GBBx,4,0.00131,68305,22.34797,305643
1889,geekerNo1,4,0.00131,68309,22.34928,305643
1890,GeorgFleig,4,0.00131,68313,22.35059,305643
1891,ggiguash,4,0.00131,68317,22.35189,305643
1892,git136975643,4,0.00131,68321,22.35320,305643
1893,gizahNL,4,0.00131,68325,22.35451,305643
1894,Glutwolf,4,0.00131,68329,22.35582,305643
1895,Gofastasf,4,0.00131,68333,22.35713,305643
1896,gregneagle,4,0.00131,68337,22.35844,305643
1897,grtcdr,4,0.00131,68341,22.35975,305643
1898,grzs,4,0.00131,68345,22.36106,305643
1899,g-suraj,4,0.00131,68349,22.36236,305643
1900,gth7754125,4,0.00131,68353,22.36367,305643
1901,guystreeter,4,0.00131,68357,22.36498,305643
1902,hadmut,4,0.00131,68361,22.36629,305643
1903,harshasukeerthi,4,0.00131,68365,22.36760,305643
1904,heidricha,4,0.00131,68369,22.36891,305643
1905,heitorPB,4,0.00131,68373,22.37022,305643
1906,HenrikBach1,4,0.00131,68377,22.37152,305643
1907,herbygillot,4,0.00131,68381,22.37283,305643
1908,hesch,4,0.00131,68385,22.37414,305643
1909,hexagonrecursion,4,0.00131,68389,22.37545,305643
1910,hgkamath,4,0.00131,68393,22.37676,305643
1911,hijakebye,4,0.00131,68397,22.37807,305643
1912,hkrutzer,4,0.00131,68401,22.37938,305643
1913,hlemcke,4,0.00131,68405,22.38069,305643
1914,hmntsharma,4,0.00131,68409,22.38199,305643
1915,hnez,4,0.00131,68413,22.38330,305643
1916,holzman,4,0.00131,68417,22.38461,305643
1917,ht-vo,4,0.00131,68421,22.38592,305643
1918,hxtk,4,0.00131,68425,22.38723,305643
1919,Hyper200,4,0.00131,68429,22.38854,305643
1920,Ian2020,4,0.00131,68433,22.38985,305643
1921,idelsink,4,0.00131,68437,22.39116,305643
1922,Iduoad,4,0.00131,68441,22.39246,305643
1923,ijewelmas,4,0.00131,68445,22.39377,305643
1924,imp1sh,4,0.00131,68449,22.39508,305643
1925,iNecas,4,0.00131,68453,22.39639,305643
1926,in-fke,4,0.00131,68457,22.39770,305643
1927,Inithron,4,0.00131,68461,22.39901,305643
1928,IronMatt97,4,0.00131,68465,22.40032,305643
1929,irudkin,4,0.00131,68469,22.40163,305643
1930,isavl,4,0.00131,68473,22.40293,305643
1931,it-a-me,4,0.00131,68477,22.40424,305643
1932,iUnknwn,4,0.00131,68481,22.40555,305643
1933,ivansmm,4,0.00131,68485,22.40686,305643
1934,IzhakJakov,4,0.00131,68489,22.40817,305643
1935,Jackbaude,4,0.00131,68493,22.40948,305643
1936,janisz,4,0.00131,68497,22.41079,305643
1937,Janr2,4,0.00131,68501,22.41210,305643
1938,javakhishvili,4,0.00131,68505,22.41340,305643
1939,jduncan-rva,4,0.00131,68509,22.41471,305643
1940,jelmer,4,0.00131,68513,22.41602,305643
1941,jfreax,4,0.00131,68517,22.41733,305643
1942,jgato,4,0.00131,68521,22.41864,305643
1943,Ji993,4,0.00131,68525,22.41995,305643
1944,jitka,4,0.00131,68529,22.42126,305643
1945,jmb-missionlane,4,0.00131,68533,22.42256,305643
1946,joe733,4,0.00131,68537,22.42387,305643
1947,joellord,4,0.00131,68541,22.42518,305643
1948,Jojonintendo,4,0.00131,68545,22.42649,305643
1949,jonasv3,4,0.00131,68549,22.42780,305643
1950,jonz-secops,4,0.00131,68553,22.42911,305643
1951,joshbtay,4,0.00131,68557,22.43042,305643
1952,jsevillaamd,4,0.00131,68561,22.43173,305643
1953,jt-nti,4,0.00131,68565,22.43303,305643
1954,JudeNiroshan,4,0.00131,68569,22.43434,305643
1955,jwakely,4,0.00131,68573,22.43565,305643
1956,kafji,4,0.00131,68577,22.43696,305643
1957,kaiyasuda,4,0.00131,68581,22.43827,305643
1958,kanadaj,4,0.00131,68585,22.43958,305643
1959,karljaxon,4,0.00131,68589,22.44089,305643
1960,Karm,4,0.00131,68593,22.44220,305643
1961,kasualkeef,4,0.00131,68597,22.44350,305643
1962,kavishgr,4,0.00131,68601,22.44481,305643
1963,kbi-user,4,0.00131,68605,22.44612,305643
1964,keestux,4,0.00131,68609,22.44743,305643
1965,kevinleary,4,0.00131,68613,22.44874,305643
1966,khs1994,4,0.00131,68617,22.45005,305643
1967,kierdavis,4,0.00131,68621,22.45136,305643
1968,kinoher,4,0.00131,68625,22.45267,305643
1969,kisamoto,4,0.00131,68629,22.45397,305643
1970,klaphi,4,0.00131,68633,22.45528,305643
1971,klvchen,4,0.00131,68637,22.45659,305643
1972,kmpeterson,4,0.00131,68641,22.45790,305643
1973,koisurunippon,4,0.00131,68645,22.45921,305643
1974,kontza,4,0.00131,68649,22.46052,305643
1975,k-paz,4,0.00131,68653,22.46183,305643
1976,kprav33n,4,0.00131,68657,22.46314,305643
1977,krair,4,0.00131,68661,22.46444,305643
1978,krrhodes,4,0.00131,68665,22.46575,305643
1979,kruppemage,4,0.00131,68669,22.46706,305643
1980,Krzysztof318,4,0.00131,68673,22.46837,305643
1981,kycheng,4,0.00131,68677,22.46968,305643
1982,lachmanfrantisek,4,0.00131,68681,22.47099,305643
1983,lalbers,4,0.00131,68685,22.47230,305643
1984,Landrash,4,0.00131,68689,22.47360,305643
1985,lazy-developer,4,0.00131,68693,22.47491,305643
1986,lejeczek,4,0.00131,68697,22.47622,305643
1987,leolivier,4,0.00131,68701,22.47753,305643
1988,leotaku,4,0.00131,68705,22.47884,305643
1989,lgmg,4,0.00131,68709,22.48015,305643
1990,likema,4,0.00131,68713,22.48146,305643
1991,liketoeatcheese,4,0.00131,68717,22.48277,305643
1992,limup,4,0.00131,68721,22.48407,305643
1993,linhmtran168,4,0.00131,68725,22.48538,305643
1994,lollipopman,4,0.00131,68729,22.48669,305643
1995,ls-2018,4,0.00131,68733,22.48800,305643
1996,lslebodn,4,0.00131,68737,22.48931,305643
1997,luckyevildev,4,0.00131,68741,22.49062,305643
1998,lud-hu,4,0.00131,68745,22.49193,305643
1999,Lukey3332,4,0.00131,68749,22.49324,305643
2000,luocunhao,4,0.00131,68753,22.49454,305643
2001,lystormenvoy,4,0.00131,68757,22.49585,305643
2002,m0duspwnens,4,0.00131,68761,22.49716,305643
2003,MAGICCC,4,0.00131,68765,22.49847,305643
2004,mah454,4,0.00131,68769,22.49978,305643
2005,mailing-lists,4,0.00131,68773,22.50109,305643
2006,makhomed,4,0.00131,68777,22.50240,305643
2007,mancubus77,4,0.00131,68781,22.50371,305643
2008,MarcoFalke,4,0.00131,68785,22.50501,305643
2009,MarcoMontevechiFilho1,4,0.00131,68789,22.50632,305643
2010,martencassel,4,0.00131,68793,22.50763,305643
2011,martinfg2,4,0.00131,68797,22.50894,305643
2012,martinwe-adfinis,4,0.00131,68801,22.51025,305643
2013,MarwanTukhta,4,0.00131,68805,22.51156,305643
2014,mascenzi80,4,0.00131,68809,22.51287,305643
2015,masonlu2014,4,0.00131,68813,22.51418,305643
2016,mattventura,4,0.00131,68817,22.51548,305643
2017,mavit,4,0.00131,68821,22.51679,305643
2018,MaximUltimatum,4,0.00131,68825,22.51810,305643
2019,mcepl,4,0.00131,68829,22.51941,305643
2020,mdavis-xyz,4,0.00131,68833,22.52072,305643
2021,m-emelchenkov,4,0.00131,68837,22.52203,305643
2022,MemoryShadow,4,0.00131,68841,22.52334,305643
2023,merusso,4,0.00131,68845,22.52464,305643
2024,metallkopf,4,0.00131,68849,22.52595,305643
2025,mfontana-elem,4,0.00131,68853,22.52726,305643
2026,mhagnumdw,4,0.00131,68857,22.52857,305643
2027,mhio,4,0.00131,68861,22.52988,305643
2028,michalkuzma123,4,0.00131,68865,22.53119,305643
2029,mihalicyn,4,0.00131,68869,22.53250,305643
2030,mikelpr,4,0.00131,68873,22.53381,305643
2031,mikesmitty,4,0.00131,68877,22.53511,305643
2032,mispp,4,0.00131,68881,22.53642,305643
2033,Mitch9378,4,0.00131,68885,22.53773,305643
2034,mjml,4,0.00131,68889,22.53904,305643
2035,mkenigs,4,0.00131,68893,22.54035,305643
2036,mkst,4,0.00131,68897,22.54166,305643
2037,mmguero,4,0.00131,68901,22.54297,305643
2038,monikakatiyar16,4,0.00131,68905,22.54428,305643
2039,mountainfloating,4,0.00131,68909,22.54558,305643
2040,mpagot,4,0.00131,68913,22.54689,305643
2041,mpalourdio,4,0.00131,68917,22.54820,305643
2042,mvmandapati,4,0.00131,68921,22.54951,305643
2043,nanditararvi,4,0.00131,68925,22.55082,305643
2044,nararvi,4,0.00131,68929,22.55213,305643
2045,naskya,4,0.00131,68933,22.55344,305643
2046,nathanweeks,4,0.00131,68937,22.55475,305643
2047,nathwill,4,0.00131,68941,22.55605,305643
2048,navidys,4,0.00131,68945,22.55736,305643
2049,nefarius,4,0.00131,68949,22.55867,305643
2050,nettybun,4,0.00131,68953,22.55998,305643
2051,nicolargo,4,0.00131,68957,22.56129,305643
2052,nlavalle,4,0.00131,68961,22.56260,305643
2053,nlgranger,4,0.00131,68965,22.56391,305643
2054,nm004,4,0.00131,68969,22.56521,305643
2055,ocramuni,4,0.00131,68973,22.56652,305643
2056,ok-ryoko,4,0.00131,68977,22.56783,305643
2057,olitha,4,0.00131,68981,22.56914,305643
2058,omarc1492,4,0.00131,68985,22.57045,305643
2059,onlykzy,4,0.00131,68989,22.57176,305643
2060,onmomo,4,0.00131,68993,22.57307,305643
2061,optimizasean,4,0.00131,68997,22.57438,305643
2062,osirase,4,0.00131,69001,22.57568,305643
2063,oSourceSE,4,0.00131,69005,22.57699,305643
2064,p3lim,4,0.00131,69009,22.57830,305643
2065,paalbra,4,0.00131,69013,22.57961,305643
2066,PaleNeutron,4,0.00131,69017,22.58092,305643
2067,paneda1998,4,0.00131,69021,22.58223,305643
2068,Panke,4,0.00131,69025,22.58354,305643
2069,paranlee,4,0.00131,69029,22.58485,305643
2070,paride,4,0.00131,69033,22.58615,305643
2071,patrickdillon,4,0.00131,69037,22.58746,305643
2072,patricklx,4,0.00131,69041,22.58877,305643
2073,patrick-tavares,4,0.00131,69045,22.59008,305643
2074,paulomorgado,4,0.00131,69049,22.59139,305643
2075,PDVJAM,4,0.00131,69053,22.59270,305643
2076,pefeigl,4,0.00131,69057,22.59401,305643
2077,peng-yq,4,0.00131,69061,22.59532,305643
2078,Pennyzct,4,0.00131,69065,22.59662,305643
2079,PeterGarner,4,0.00131,69069,22.59793,305643
2080,pganeshar,4,0.00131,69073,22.59924,305643
2081,piit12,4,0.00131,69077,22.60055,305643
2082,pini-gh,4,0.00131,69081,22.60186,305643
2083,piotr-sk,4,0.00131,69085,22.60317,305643
2084,PlatonB,4,0.00131,69089,22.60448,305643
2085,plevart,4,0.00131,69093,22.60579,305643
2086,pocelka,4,0.00131,69097,22.60709,305643
2087,polobread,4,0.00131,69101,22.60840,305643
2088,pquq12,4,0.00131,69105,22.60971,305643
2089,primeos-work,4,0.00131,69109,22.61102,305643
2090,pvgb,4,0.00131,69113,22.61233,305643
2091,pwFoo,4,0.00131,69117,22.61364,305643
2092,pwige,4,0.00131,69121,22.61495,305643
2093,pxeger,4,0.00131,69125,22.61625,305643
2094,QazerLab,4,0.00131,69129,22.61756,305643
2095,qiancai,4,0.00131,69133,22.61887,305643
2096,qianxi0410,4,0.00131,69137,22.62018,305643
2097,rahbari,4,0.00131,69141,22.62149,305643
2098,rashPatil1,4,0.00131,69145,22.62280,305643
2099,rbqbjyur,4,0.00131,69149,22.62411,305643
2100,Regis-Caelum,4,0.00131,69153,22.62542,305643
2101,rEnr3n,4,0.00131,69157,22.62672,305643
2102,resmo,4,0.00131,69161,22.62803,305643
2103,rhn,4,0.00131,69165,22.62934,305643
2104,RichardFevrier,4,0.00131,69169,22.63065,305643
2105,robmv,4,0.00131,69173,22.63196,305643
2106,rockdrilla,4,0.00131,69177,22.63327,305643
2107,RodGaiotto,4,0.00131,69181,22.63458,305643
2108,rogeriojlle,4,0.00131,69185,22.63589,305643
2109,rolandweber,4,0.00131,69189,22.63719,305643
2110,RomainLyon1,4,0.00131,69193,22.63850,305643
2111,RomainNakedCat,4,0.00131,69197,22.63981,305643
2112,romanwoessner,4,0.00131,69201,22.64112,305643
2113,Rtoax,4,0.00131,69205,22.64243,305643
2114,saireddyb,4,0.00131,69209,22.64374,305643
2115,salotz,4,0.00131,69213,22.64505,305643
2116,SamP20,4,0.00131,69217,22.64636,305643
2117,SanHo09,4,0.00131,69221,22.64766,305643
2118,SAURABH110894,4,0.00131,69225,22.64897,305643
2119,SauravMaheshkar,4,0.00131,69229,22.65028,305643
2120,scato,4,0.00131,69233,22.65159,305643
2121,scolby33,4,0.00131,69237,22.65290,305643
2122,scottcwang,4,0.00131,69241,22.65421,305643
2123,seandilda,4,0.00131,69245,22.65552,305643
2124,sebastianbertoli,4,0.00131,69249,22.65683,305643
2125,SebDanielsson,4,0.00131,69253,22.65813,305643
2126,selamba,4,0.00131,69257,22.65944,305643
2127,senax,4,0.00131,69261,22.66075,305643
2128,sham1,4,0.00131,69265,22.66206,305643
2129,shaneing,4,0.00131,69269,22.66337,305643
2130,shanjb0221,4,0.00131,69273,22.66468,305643
2131,shenwii,4,0.00131,69277,22.66599,305643
2132,shikigami12,4,0.00131,69281,22.66729,305643
2133,shitou12345678,4,0.00131,69285,22.66860,305643
2134,Siddsouza19,4,0.00131,69289,22.66991,305643
2135,sigint2,4,0.00131,69293,22.67122,305643
2136,sigulete,4,0.00131,69297,22.67253,305643
2137,SigursteinnBjarni,4,0.00131,69301,22.67384,305643
2138,Silvmike,4,0.00131,69305,22.67515,305643
2139,simjnd,4,0.00131,69309,22.67646,305643
2140,simonf-dev,4,0.00131,69313,22.67776,305643
2141,sino1641,4,0.00131,69317,22.67907,305643
2142,SiNONiMiTY,4,0.00131,69321,22.68038,305643
2143,sjfke,4,0.00131,69325,22.68169,305643
2144,slippyex,4,0.00131,69329,22.68300,305643
2145,snathanail,4,0.00131,69333,22.68431,305643
2146,snay2,4,0.00131,69337,22.68562,305643
2147,soubinan,4,0.00131,69341,22.68693,305643
2148,SQGE,4,0.00131,69345,22.68823,305643
2149,sreevatsank1999,4,0.00131,69349,22.68954,305643
2150,sstelfox,4,0.00131,69353,22.69085,305643
2151,ssthom,4,0.00131,69357,22.69216,305643
2152,stacyharper,4,0.00131,69361,22.69347,305643
2153,stanislaw55,4,0.00131,69365,22.69478,305643
2154,stefanrua,4,0.00131,69369,22.69609,305643
2155,stefins,4,0.00131,69373,22.69740,305643
2156,Stehsegler,4,0.00131,69377,22.69870,305643
2157,stephenjudkins,4,0.00131,69381,22.70001,305643
2158,Steve973,4,0.00131,69385,22.70132,305643
2159,stevejr,4,0.00131,69389,22.70263,305643
2160,Stig124,4,0.00131,69393,22.70394,305643
2161,sunyitao,4,0.00131,69397,22.70525,305643
2162,superjeng1,4,0.00131,69401,22.70656,305643
2163,swilton86,4,0.00131,69405,22.70787,305643
2164,systems1,4,0.00131,69409,22.70917,305643
2165,t4chib4ne,4,0.00131,69413,22.71048,305643
2166,takutakahashi,4,0.00131,69417,22.71179,305643
2167,tebartsch,4,0.00131,69421,22.71310,305643
2168,tekawade,4,0.00131,69425,22.71441,305643
2169,telometto,4,0.00131,69429,22.71572,305643
2170,terylt,4,0.00131,69433,22.71703,305643
2171,teweber,4,0.00131,69437,22.71833,305643
2172,ThanatosDi,4,0.00131,69441,22.71964,305643
2173,thaney071,4,0.00131,69445,22.72095,305643
2174,TheConen,4,0.00131,69449,22.72226,305643
2175,TheFloatingBrain,4,0.00131,69453,22.72357,305643
2176,TheGroundZero,4,0.00131,69457,22.72488,305643
2177,theurgi,4,0.00131,69461,22.72619,305643
2178,thiagolinhares,4,0.00131,69465,22.72750,305643
2179,thiago-scherrer,4,0.00131,69469,22.72880,305643
2180,thimslugga,4,0.00131,69473,22.73011,305643
2181,tim3003,4,0.00131,69477,22.73142,305643
2182,Timmmm,4,0.00131,69481,22.73273,305643
2183,tinywrkb,4,0.00131,69485,22.73404,305643
2184,tiredpixel,4,0.00131,69489,22.73535,305643
2185,tmoschou,4,0.00131,69493,22.73666,305643
2186,Tokariew,4,0.00131,69497,22.73797,305643
2187,Tom-python0121,4,0.00131,69501,22.73927,305643
2188,totph,4,0.00131,69505,22.74058,305643
2189,tri-adam,4,0.00131,69509,22.74189,305643
2190,trynaeat,4,0.00131,69513,22.74320,305643
2191,twaananen,4,0.00131,69517,22.74451,305643
2192,Tyler-IN,4,0.00131,69521,22.74582,305643
2193,Utopiah,4,0.00131,69525,22.74713,305643
2194,v42net,4,0.00131,69529,22.74844,305643
2195,ValHeimer,4,0.00131,69533,22.74974,305643
2196,varshneydevansh,4,0.00131,69537,22.75105,305643
2197,Victoremepunto,4,0.00131,69541,22.75236,305643
2198,vimpostor,4,0.00131,69545,22.75367,305643
2199,vinzBad,4,0.00131,69549,22.75498,305643
2200,vinzent,4,0.00131,69553,22.75629,305643
2201,vivekanandpoojari,4,0.00131,69557,22.75760,305643
2202,vladimir-pachnik,4,0.00131,69561,22.75890,305643
2203,vnaruka,4,0.00131,69565,22.76021,305643
2204,voidus,4,0.00131,69569,22.76152,305643
2205,vwbusguy,4,0.00131,69573,22.76283,305643
2206,welderpb,4,0.00131,69577,22.76414,305643
2207,weskerfoot,4,0.00131,69581,22.76545,305643
2208,whoisac,4,0.00131,69585,22.76676,305643
2209,wiilruo,4,0.00131,69589,22.76807,305643
2210,wilbeibi,4,0.00131,69593,22.76937,305643
2211,winston0410,4,0.00131,69597,22.77068,305643
2212,wodadehencou,4,0.00131,69601,22.77199,305643
2213,wonderfulspam,4,0.00131,69605,22.77330,305643
2214,wrabcak,4,0.00131,69609,22.77461,305643
2215,wswind,4,0.00131,69613,22.77592,305643
2216,wtcross,4,0.00131,69617,22.77723,305643
2217,wubdub,4,0.00131,69621,22.77854,305643
2218,wuboy0307,4,0.00131,69625,22.77984,305643
2219,wzzrd,4,0.00131,69629,22.78115,305643
2220,XeCycle,4,0.00131,69633,22.78246,305643
2221,xedrac,4,0.00131,69637,22.78377,305643
2222,xwu2intel,4,0.00131,69641,22.78508,305643
2223,y0zong,4,0.00131,69645,22.78639,305643
2224,yangboroy,4,0.00131,69649,22.78770,305643
2225,yaroslavsadin,4,0.00131,69653,22.78901,305643
2226,ybelleguic,4,0.00131,69657,22.79031,305643
2227,Yethal,4,0.00131,69661,22.79162,305643
2228,yunnysunny,4,0.00131,69665,22.79293,305643
2229,yvanarnaud,4,0.00131,69669,22.79424,305643
2230,yylt,4,0.00131,69673,22.79555,305643
2231,zem,4,0.00131,69677,22.79686,305643
2232,zensolution,4,0.00131,69681,22.79817,305643
2233,zhcf,4,0.00131,69685,22.79948,305643
2234,zklei,4,0.00131,69689,22.80078,305643
2235,zzguang520,4,0.00131,69693,22.80209,305643
2236,zzxrain,4,0.00131,69697,22.80340,305643
2237,0zd0,3,0.00098,69700,22.80438,305643
2238,884756834,3,0.00098,69703,22.80536,305643
2239,aakash086,3,0.00098,69706,22.80635,305643
2240,abn0mad,3,0.00098,69709,22.80733,305643
2241,abudavis,3,0.00098,69712,22.80831,305643
2242,achilleas-k,3,0.00098,69715,22.80929,305643
2243,acidghost,3,0.00098,69718,22.81027,305643
2244,acouvreur,3,0.00098,69721,22.81125,305643
2245,acxz,3,0.00098,69724,22.81224,305643
2246,adamish,3,0.00098,69727,22.81322,305643
2247,addes6,3,0.00098,69730,22.81420,305643
2248,Adelcelevator,3,0.00098,69733,22.81518,305643
2249,adityashah1212,3,0.00098,69736,22.81616,305643
2250,adlermedrado,3,0.00098,69739,22.81714,305643
2251,AdrianVovk,3,0.00098,69742,22.81812,305643
2252,AdsonCicilioti,3,0.00098,69745,22.81911,305643
2253,adzcai,3,0.00098,69748,22.82009,305643
2254,Aeron,3,0.00098,69751,22.82107,305643
2255,agilmore2,3,0.00098,69754,22.82205,305643
2256,ahmedaabouzied,3,0.00098,69757,22.82303,305643
2257,ahrynkie,3,0.00098,69760,22.82401,305643
2258,aither64,3,0.00098,69763,22.82500,305643
2259,akulbe,3,0.00098,69766,22.82598,305643
2260,AlanCoding,3,0.00098,69769,22.82696,305643
2261,aliounis,3,0.00098,69772,22.82794,305643
2262,alyashraf97,3,0.00098,69775,22.82892,305643
2263,Amandrs,3,0.00098,69778,22.82990,305643
2264,amar-bhosale,3,0.00098,69781,22.83088,305643
2265,amoscatelli,3,0.00098,69784,22.83187,305643
2266,ancebfer,3,0.00098,69787,22.83285,305643
2267,AndreiPaulau,3,0.00098,69790,22.83383,305643
2268,Andrei-Stepanov,3,0.00098,69793,22.83481,305643
2269,AndrewGMorgan,3,0.00098,69796,22.83579,305643
2270,andrew-vts,3,0.00098,69799,22.83677,305643
2271,AndreyNikiforov,3,0.00098,69802,22.83776,305643
2272,andrm,3,0.00098,69805,22.83874,305643
2273,AndroidKitKat,3,0.00098,69808,22.83972,305643
2274,andrunah,3,0.00098,69811,22.84070,305643
2275,andsky-git,3,0.00098,69814,22.84168,305643
2276,andyedwardsibm,3,0.00098,69817,22.84266,305643
2277,angelCzar,3,0.00098,69820,22.84364,305643
2278,ankanroy-code,3,0.00098,69823,22.84463,305643
2279,anotherwon,3,0.00098,69826,22.84561,305643
2280,antis81,3,0.00098,69829,22.84659,305643
2281,AntonOks,3,0.00098,69832,22.84757,305643
2282,antverpp,3,0.00098,69835,22.84855,305643
2283,apoos-maximus,3,0.00098,69838,22.84953,305643
2284,Aposhian,3,0.00098,69841,22.85052,305643
2285,appelgriebsch,3,0.00098,69844,22.85150,305643
2286,aragilar,3,0.00098,69847,22.85248,305643
2287,arbhardwaj98,3,0.00098,69850,22.85346,305643
2288,arbrsts,3,0.00098,69853,22.85444,305643
2289,ardakuyumcu,3,0.00098,69856,22.85542,305643
2290,aristotelos,3,0.00098,69859,22.85640,305643
2291,arjunw007,3,0.00098,69862,22.85739,305643
2292,arogozhnikov,3,0.00098,69865,22.85837,305643
2293,arzahs,3,0.00098,69868,22.85935,305643
2294,asagecty,3,0.00098,69871,22.86033,305643
2295,asankov-cb,3,0.00098,69874,22.86131,305643
2296,astenmco,3,0.00098,69877,22.86229,305643
2297,aufarg,3,0.00098,69880,22.86328,305643
2298,austinjp,3,0.00098,69883,22.86426,305643
2299,Austinpayne,3,0.00098,69886,22.86524,305643
2300,ay0o,3,0.00098,69889,22.86622,305643
2301,az-z,3,0.00098,69892,22.86720,305643
2302,b177y,3,0.00098,69895,22.86818,305643
2303,b1-luettje,3,0.00098,69898,22.86916,305643
2304,b9Joker108,3,0.00098,69901,22.87015,305643
2305,balupton,3,0.00098,69904,22.87113,305643
2306,barfurth,3,0.00098,69907,22.87211,305643
2307,bartdenotte,3,0.00098,69910,22.87309,305643
2308,bartoszgolebiowski,3,0.00098,69913,22.87407,305643
2309,Basti-D,3,0.00098,69916,22.87505,305643
2310,bbalp,3,0.00098,69919,22.87604,305643
2311,BBBosp,3,0.00098,69922,22.87702,305643
2312,bbbush,3,0.00098,69925,22.87800,305643
2313,bcstinch,3,0.00098,69928,22.87898,305643
2314,bebosudo,3,0.00098,69931,22.87996,305643
2315,beeblebrox3,3,0.00098,69934,22.88094,305643
2316,beginner1010,3,0.00098,69937,22.88192,305643
2317,bencovi,3,0.00098,69940,22.88291,305643
2318,benoitschipper,3,0.00098,69943,22.88389,305643
2319,besnardjb,3,0.00098,69946,22.88487,305643
2320,Beth-Simpson,3,0.00098,69949,22.88585,305643
2321,bharat-srinivasan,3,0.00098,69952,22.88683,305643
2322,bicca23,3,0.00098,69955,22.88781,305643
2323,birla,3,0.00098,69958,22.88880,305643
2324,Bitshu,3,0.00098,69961,22.88978,305643
2325,bkhl,3,0.00098,69964,22.89076,305643
2326,Blaimi,3,0.00098,69967,22.89174,305643
2327,Blfrg,3,0.00098,69970,22.89272,305643
2328,blue42u,3,0.00098,69973,22.89370,305643
2329,BlueskyFR,3,0.00098,69976,22.89468,305643
2330,bo0ts,3,0.00098,69979,22.89567,305643
2331,borazem,3,0.00098,69982,22.89665,305643
2332,bougyman,3,0.00098,69985,22.89763,305643
2333,brainbytes42,3,0.00098,69988,22.89861,305643
2334,brnosouza,3,0.00098,69991,22.89959,305643
2335,bundi78,3,0.00098,69994,22.90057,305643
2336,bwateratmsft,3,0.00098,69997,22.90156,305643
2337,bytniak,3,0.00098,70000,22.90254,305643
2338,callahad,3,0.00098,70003,22.90352,305643
2339,CamiloGarciaLaRotta,3,0.00098,70006,22.90450,305643
2340,caradelia,3,0.00098,70009,22.90548,305643
2341,carrete,3,0.00098,70012,22.90646,305643
2342,cartesius68,3,0.00098,70015,22.90744,305643
2343,castedo,3,0.00098,70018,22.90843,305643
2344,cbclark64,3,0.00098,70021,22.90941,305643
2345,ccakes,3,0.00098,70024,22.91039,305643
2346,ccebinger,3,0.00098,70027,22.91137,305643
2347,CeerDecy,3,0.00098,70030,22.91235,305643
2348,cfeltz34,3,0.00098,70033,22.91333,305643
2349,cgzones,3,0.00098,70036,22.91432,305643
2350,chaitanyakolluru,3,0.00098,70039,22.91530,305643
2351,chanseokoh,3,0.00098,70042,22.91628,305643
2352,Chealer,3,0.00098,70045,22.91726,305643
2353,cheesesashimi,3,0.00098,70048,22.91824,305643
2354,cheetahbyte,3,0.00098,70051,22.91922,305643
2355,CheyenneWills,3,0.00098,70054,22.92020,305643
2356,chkpnt,3,0.00098,70057,22.92119,305643
2357,cHolzberger,3,0.00098,70060,22.92217,305643
2358,chramb,3,0.00098,70063,22.92315,305643
2359,chris42,3,0.00098,70066,22.92413,305643
2360,ChrisBr,3,0.00098,70069,22.92511,305643
2361,chrisbulgaria,3,0.00098,70072,22.92609,305643
2362,chrisnestrud,3,0.00098,70075,22.92708,305643
2363,christopherchong94,3,0.00098,70078,22.92806,305643
2364,cjeanneret,3,0.00098,70081,22.92904,305643
2365,cjpit,3,0.00098,70084,22.93002,305643
2366,c-linse,3,0.00098,70087,22.93100,305643
2367,clydet,3,0.00098,70090,22.93198,305643
2368,cmacrae,3,0.00098,70093,22.93296,305643
2369,CobyPear,3,0.00098,70096,22.93395,305643
2370,codespill,3,0.00098,70099,22.93493,305643
2371,colinmarc,3,0.00098,70102,22.93591,305643
2372,coltonfreeman26,3,0.00098,70105,22.93689,305643
2373,convexset,3,0.00098,70108,22.93787,305643
2374,cooka,3,0.00098,70111,22.93885,305643
2375,coolbry95,3,0.00098,70114,22.93984,305643
2376,corybolar,3,0.00098,70117,22.94082,305643
2377,cospotato,3,0.00098,70120,22.94180,305643
2378,coval3nte,3,0.00098,70123,22.94278,305643
2379,cowlingj,3,0.00098,70126,22.94376,305643
2380,crabmanX,3,0.00098,70129,22.94474,305643
2381,crdoconnor,3,0.00098,70132,22.94572,305643
2382,credativ-dar,3,0.00098,70135,22.94671,305643
2383,crispysipper,3,0.00098,70138,22.94769,305643
2384,cristi-,3,0.00098,70141,22.94867,305643
2385,CubexsOne,3,0.00098,70144,22.94965,305643
2386,cuishuang,3,0.00098,70147,22.95063,305643
2387,cwrx777,3,0.00098,70150,22.95161,305643
2388,cyruseuros,3,0.00098,70153,22.95260,305643
2389,d3xter,3,0.00098,70156,22.95358,305643
2390,dadevel,3,0.00098,70159,22.95456,305643
2391,dan-chop-ris,3,0.00098,70162,22.95554,305643
2392,danegsta,3,0.00098,70165,22.95652,305643
2393,danielkucera,3,0.00098,70168,22.95750,305643
2394,danielliebherz,3,0.00098,70171,22.95848,305643
2395,daniloglima,3,0.00098,70174,22.95947,305643
2396,Danny-de-bree,3,0.00098,70177,22.96045,305643
2397,darkdragon-001,3,0.00098,70180,22.96143,305643
2398,Darkness4,3,0.00098,70183,22.96241,305643
2399,davidfrickert,3,0.00098,70186,22.96339,305643
2400,david-pa,3,0.00098,70189,22.96437,305643
2401,dbilling,3,0.00098,70192,22.96536,305643
2402,DCsunset,3,0.00098,70195,22.96634,305643
2403,deathwaiting,3,0.00098,70198,22.96732,305643
2404,decentropy,3,0.00098,70201,22.96830,305643
2405,deltarod,3,0.00098,70204,22.96928,305643
2406,deltawi,3,0.00098,70207,22.97026,305643
2407,denisborisov,3,0.00098,70210,22.97124,305643
2408,denisok,3,0.00098,70213,22.97223,305643
2409,denispar,3,0.00098,70216,22.97321,305643
2410,deriamis,3,0.00098,70219,22.97419,305643
2411,derikb,3,0.00098,70222,22.97517,305643
2412,desaes-br,3,0.00098,70225,22.97615,305643
2413,devfbe,3,0.00098,70228,22.97713,305643
2414,DevilDogLinux,3,0.00098,70231,22.97811,305643
2415,dhduvall,3,0.00098,70234,22.97910,305643
2416,dinkonin,3,0.00098,70237,22.98008,305643
2417,disi,3,0.00098,70240,22.98106,305643
2418,disposab1e,3,0.00098,70243,22.98204,305643
2419,Divya1388,3,0.00098,70246,22.98302,305643
2420,djasa,3,0.00098,70249,22.98400,305643
2421,djgilcrease,3,0.00098,70252,22.98499,305643
2422,dkelsey,3,0.00098,70255,22.98597,305643
2423,dlaukamp,3,0.00098,70258,22.98695,305643
2424,dm17,3,0.00098,70261,22.98793,305643
2425,dnso86,3,0.00098,70264,22.98891,305643
2426,docentYT,3,0.00098,70267,22.98989,305643
2427,DonRichards,3,0.00098,70270,22.99087,305643
2428,douglaswaights,3,0.00098,70273,22.99186,305643
2429,dpkass,3,0.00098,70276,22.99284,305643
2430,dR3b,3,0.00098,70279,22.99382,305643
2431,drewlsvern,3,0.00098,70282,22.99480,305643
2432,druizz90,3,0.00098,70285,22.99578,305643
2433,duanhongyi,3,0.00098,70288,22.99676,305643
2434,duoduobingbing,3,0.00098,70291,22.99775,305643
2435,Dutchminister,3,0.00098,70294,22.99873,305643
2436,dvnscr,3,0.00098,70297,22.99971,305643
2437,ebattat,3,0.00098,70300,23.00069,305643
2438,ecky-l,3,0.00098,70303,23.00167,305643
2439,edcdavid,3,0.00098,70306,23.00265,305643
2440,Edga23,3,0.00098,70309,23.00363,305643
2441,edoput,3,0.00098,70312,23.00462,305643
2442,edowado,3,0.00098,70315,23.00560,305643
2443,EIC-JayGanatra,3,0.00098,70318,23.00658,305643
2444,elcurious,3,0.00098,70321,23.00756,305643
2445,elgohr,3,0.00098,70324,23.00854,305643
2446,EliasTheGrandMasterOfMistakes,3,0.00098,70327,23.00952,305643
2447,Elkasitu,3,0.00098,70330,23.01051,305643
2448,elken,3,0.00098,70333,23.01149,305643
2449,elliotholden,3,0.00098,70336,23.01247,305643
2450,elya5,3,0.00098,70339,23.01345,305643
2451,emakrushin,3,0.00098,70342,23.01443,305643
2452,endlisnis,3,0.00098,70345,23.01541,305643
2453,enedil,3,0.00098,70348,23.01639,305643
2454,energister,3,0.00098,70351,23.01738,305643
2455,epsilon-0,3,0.00098,70354,23.01836,305643
2456,EricIO,3,0.00098,70357,23.01934,305643
2457,erlangparasu,3,0.00098,70360,23.02032,305643
2458,eskultety,3,0.00098,70363,23.02130,305643
2459,eslerm,3,0.00098,70366,23.02228,305643
2460,evolutics,3,0.00098,70369,23.02327,305643
2461,evsasha,3,0.00098,70372,23.02425,305643
2462,ewie,3,0.00098,70375,23.02523,305643
2463,farfromunique,3,0.00098,70378,23.02621,305643
2464,fatzhang,3,0.00098,70381,23.02719,305643
2465,fdcds,3,0.00098,70384,23.02817,305643
2466,FedeHAL,3,0.00098,70387,23.02915,305643
2467,fekir,3,0.00098,70390,23.03014,305643
2468,felixsanz,3,0.00098,70393,23.03112,305643
2469,fervand1,3,0.00098,70396,23.03210,305643
2470,ffarah-chegg,3,0.00098,70399,23.03308,305643
2471,ffch,3,0.00098,70402,23.03406,305643
2472,filak-sap,3,0.00098,70405,23.03504,305643
2473,filip-komarzyniec,3,0.00098,70408,23.03603,305643
2474,fillest,3,0.00098,70411,23.03701,305643
2475,finalchild,3,0.00098,70414,23.03799,305643
2476,finalcreator,3,0.00098,70417,23.03897,305643
2477,findesgh,3,0.00098,70420,23.03995,305643
2478,fins2,3,0.00098,70423,23.04093,305643
2479,firefoxlover,3,0.00098,70426,23.04191,305643
2480,fischer-felix,3,0.00098,70429,23.04290,305643
2481,Fisiu,3,0.00098,70432,23.04388,305643
2482,fjcloud,3,0.00098,70435,23.04486,305643
2483,Fl0GUI,3,0.00098,70438,23.04584,305643
2484,flabatut,3,0.00098,70441,23.04682,305643
2485,flaktack,3,0.00098,70444,23.04780,305643
2486,floriankisser,3,0.00098,70447,23.04879,305643
2487,forgems,3,0.00098,70450,23.04977,305643
2488,freestuff002,3,0.00098,70453,23.05075,305643
2489,frenzymadness,3,0.00098,70456,23.05173,305643
2490,frivard-coveo,3,0.00098,70459,23.05271,305643
2491,fruch,3,0.00098,70462,23.05369,305643
2492,fstephany,3,0.00098,70465,23.05467,305643
2493,fuzzball81,3,0.00098,70468,23.05566,305643
2494,g0dfl3sh,3,0.00098,70471,23.05664,305643
2495,gaborcsardi,3,0.00098,70474,23.05762,305643
2496,gcb,3,0.00098,70477,23.05860,305643
2497,geofft,3,0.00098,70480,23.05958,305643
2498,GETandSELECT,3,0.00098,70483,23.06056,305643
2499,ggjulio,3,0.00098,70486,23.06155,305643
2500,ghherlin,3,0.00098,70489,23.06253,305643
2501,gibney-ronin,3,0.00098,70492,23.06351,305643
2502,gllera,3,0.00098,70495,23.06449,305643
2503,gnat,3,0.00098,70498,23.06547,305643
2504,gonzalocasas,3,0.00098,70501,23.06645,305643
2505,gptlang,3,0.00098,70504,23.06743,305643
2506,gr0l0rg,3,0.00098,70507,23.06842,305643
2507,gravityFlower,3,0.00098,70510,23.06940,305643
2508,gravypod,3,0.00098,70513,23.07038,305643
2509,graywolf,3,0.00098,70516,23.07136,305643
2510,greglanthier,3,0.00098,70519,23.07234,305643
2511,gronka,3,0.00098,70522,23.07332,305643
2512,gt-dltk,3,0.00098,70525,23.07431,305643
2513,GuilhemROLLAND,3,0.00098,70528,23.07529,305643
2514,gustavosbarreto,3,0.00098,70531,23.07627,305643
2515,h0tw1r3,3,0.00098,70534,23.07725,305643
2516,Haarolean,3,0.00098,70537,23.07823,305643
2517,haithcockce,3,0.00098,70540,23.07921,305643
2518,hakandilek,3,0.00098,70543,23.08019,305643
2519,half2me,3,0.00098,70546,23.08118,305643
2520,hamzadis,3,0.00098,70549,23.08216,305643
2521,hanneshofmann,3,0.00098,70552,23.08314,305643
2522,hansena,3,0.00098,70555,23.08412,305643
2523,harryssuperman,3,0.00098,70558,23.08510,305643
2524,hdub-tech,3,0.00098,70561,23.08608,305643
2525,hecko,3,0.00098,70564,23.08707,305643
2526,HectorB-2020,3,0.00098,70567,23.08805,305643
2527,Henry-Hiles,3,0.00098,70570,23.08903,305643
2528,HerrFrutti,3,0.00098,70573,23.09001,305643
2529,hftsai256,3,0.00098,70576,23.09099,305643
2530,hhellbusch,3,0.00098,70579,23.09197,305643
2531,hifigraz,3,0.00098,70582,23.09295,305643
2532,hiramotom,3,0.00098,70585,23.09394,305643
2533,hiyoko3m,3,0.00098,70588,23.09492,305643
2534,hlovdal,3,0.00098,70591,23.09590,305643
2535,horgh,3,0.00098,70594,23.09688,305643
2536,horihel,3,0.00098,70597,23.09786,305643
2537,hqch0708,3,0.00098,70600,23.09884,305643
2538,hritik5102,3,0.00098,70603,23.09983,305643
2539,hsnoil,3,0.00098,70606,23.10081,305643
2540,huestack,3,0.00098,70609,23.10179,305643
2541,hvbtup,3,0.00098,70612,23.10277,305643
2542,IamEld3st,3,0.00098,70615,23.10375,305643
2543,IceCloud76,3,0.00098,70618,23.10473,305643
2544,icsy7867,3,0.00098,70621,23.10571,305643
2545,idleyoungman,3,0.00098,70624,23.10670,305643
2546,igorMIA,3,0.00098,70627,23.10768,305643
2547,ihatethecloud,3,0.00098,70630,23.10866,305643
2548,ImperrattoR,3,0.00098,70633,23.10964,305643
2549,industrial-sloth,3,0.00098,70636,23.11062,305643
2550,indyvanmol,3,0.00098,70639,23.11160,305643
2551,InPRTx,3,0.00098,70642,23.11259,305643
2552,iolpltuisciaoln,3,0.00098,70645,23.11357,305643
2553,istyf,3,0.00098,70648,23.11455,305643
2554,ivanfed0t0v,3,0.00098,70651,23.11553,305643
2555,iwangxiaodong,3,0.00098,70654,23.11651,305643
2556,jabr0ni,3,0.00098,70657,23.11749,305643
2557,jacobwdv,3,0.00098,70660,23.11847,305643
2558,jadahl,3,0.00098,70663,23.11946,305643
2559,jadonclegg,3,0.00098,70666,23.12044,305643
2560,jailohani,3,0.00098,70669,23.12142,305643
2561,Jamesits,3,0.00098,70672,23.12240,305643
2562,jameskim0987,3,0.00098,70675,23.12338,305643
2563,jandroav,3,0.00098,70678,23.12436,305643
2564,jarda-wien,3,0.00098,70681,23.12535,305643
2565,jardon,3,0.00098,70684,23.12633,305643
2566,jaxim,3,0.00098,70687,23.12731,305643
2567,jbaublitz,3,0.00098,70690,23.12829,305643
2568,jboero,3,0.00098,70693,23.12927,305643
2569,jchamber904,3,0.00098,70696,23.13025,305643
2570,jedahan,3,0.00098,70699,23.13123,305643
2571,jeffreycwitt,3,0.00098,70702,23.13222,305643
2572,jensrudolf,3,0.00098,70705,23.13320,305643
2573,jethrogb,3,0.00098,70708,23.13418,305643
2574,jewthon,3,0.00098,70711,23.13516,305643
2575,jezkerwin,3,0.00098,70714,23.13614,305643
2576,Jiehong,3,0.00098,70717,23.13712,305643
2577,jinjianming,3,0.00098,70720,23.13811,305643
2578,JJfight1987,3,0.00098,70723,23.13909,305643
2579,jjzazuet,3,0.00098,70726,23.14007,305643
2580,JKSTAFF,3,0.00098,70729,23.14105,305643
2581,jmarrero,3,0.00098,70732,23.14203,305643
2582,jmvalenciz,3,0.00098,70735,23.14301,305643
2583,jnatschev,3,0.00098,70738,23.14399,305643
2584,jnohlgard,3,0.00098,70741,23.14498,305643
2585,joaompinto,3,0.00098,70744,23.14596,305643
2586,jodab,3,0.00098,70747,23.14694,305643
2587,joel0,3,0.00098,70750,23.14792,305643
2588,joelika,3,0.00098,70753,23.14890,305643
2589,joes-myob,3,0.00098,70756,23.14988,305643
2590,joharohl,3,0.00098,70759,23.15087,305643
2591,johnlongo,3,0.00098,70762,23.15185,305643
2592,johnwc,3,0.00098,70765,23.15283,305643
2593,jonahbull,3,0.00098,70768,23.15381,305643
2594,jonas-schievink,3,0.00098,70771,23.15479,305643
2595,jorgeml,3,0.00098,70774,23.15577,305643
2596,jortkoopmans,3,0.00098,70777,23.15675,305643
2597,josefdostal,3,0.00098,70780,23.15774,305643
2598,josh-hemphill,3,0.00098,70783,23.15872,305643
2599,joshmalbrecht,3,0.00098,70786,23.15970,305643
2600,josi19,3,0.00098,70789,23.16068,305643
2601,jotelha,3,0.00098,70792,23.16166,305643
2602,joyfulmantis,3,0.00098,70795,23.16264,305643
2603,jRilkef,3,0.00098,70798,23.16363,305643
2604,jrlost,3,0.00098,70801,23.16461,305643
2605,juancgalvis,3,0.00098,70804,23.16559,305643
2606,JulianLeonel3004,3,0.00098,70807,23.16657,305643
2607,jvdnguyen,3,0.00098,70810,23.16755,305643
2608,jwflory,3,0.00098,70813,23.16853,305643
2609,jycamier,3,0.00098,70816,23.16951,305643
2610,kaizencon,3,0.00098,70819,23.17050,305643
2611,KallDrexx,3,0.00098,70822,23.17148,305643
2612,kalyanbhonagiri16,3,0.00098,70825,23.17246,305643
2613,kanaka,3,0.00098,70828,23.17344,305643
2614,kanru,3,0.00098,70831,23.17442,305643
2615,katywings,3,0.00098,70834,23.17540,305643
2616,kbknapp,3,0.00098,70837,23.17639,305643
2617,kdknigga,3,0.00098,70840,23.17737,305643
2618,kerel-fs,3,0.00098,70843,23.17835,305643
2619,k-e-r-n-e-l-p-a-n-i-c,3,0.00098,70846,23.17933,305643
2620,ketank-new,3,0.00098,70849,23.18031,305643
2621,KevinGimbel,3,0.00098,70852,23.18129,305643
2622,kevinlmadison,3,0.00098,70855,23.18227,305643
2623,khain0,3,0.00098,70858,23.18326,305643
2624,khandelwalankit04,3,0.00098,70861,23.18424,305643
2625,kiancross,3,0.00098,70864,23.18522,305643
2626,kierendavies,3,0.00098,70867,23.18620,305643
2627,kierun,3,0.00098,70870,23.18718,305643
2628,killua-eu,3,0.00098,70873,23.18816,305643
2629,kirbyzhou,3,0.00098,70876,23.18915,305643
2630,kishen-v,3,0.00098,70879,23.19013,305643
2631,kishorkunal-raj,3,0.00098,70882,23.19111,305643
2632,knaka888,3,0.00098,70885,23.19209,305643
2633,knumskull,3,0.00098,70888,23.19307,305643
2634,kovyrin,3,0.00098,70891,23.19405,305643
2635,Kozzi11,3,0.00098,70894,23.19503,305643
2636,krishnakumar27,3,0.00098,70897,23.19602,305643
2637,krucod3,3,0.00098,70900,23.19700,305643
2638,krysclarke,3,0.00098,70903,23.19798,305643
2639,Kuldz,3,0.00098,70906,23.19896,305643
2640,kumadee,3,0.00098,70909,23.19994,305643
2641,Kutim,3,0.00098,70912,23.20092,305643
2642,kyleadawson,3,0.00098,70915,23.20191,305643
2643,l30006821,3,0.00098,70918,23.20289,305643
2644,lachlan2k,3,0.00098,70921,23.20387,305643
2645,laetho,3,0.00098,70924,23.20485,305643
2646,lajoie,3,0.00098,70927,23.20583,305643
2647,latenightdef,3,0.00098,70930,23.20681,305643
2648,lauri-paypay,3,0.00098,70933,23.20779,305643
2649,leaf-node,3,0.00098,70936,23.20878,305643
2650,LecrisUT,3,0.00098,70939,23.20976,305643
2651,leftl,3,0.00098,70942,23.21074,305643
2652,lehmanju,3,0.00098,70945,23.21172,305643
2653,leo-lb,3,0.00098,70948,23.21270,305643
2654,lework,3,0.00098,70951,23.21368,305643
2655,lexemmens,3,0.00098,70954,23.21467,305643
2656,libinglong,3,0.00098,70957,23.21565,305643
2657,lichunqiang,3,0.00098,70960,23.21663,305643
2658,limjunho,3,0.00098,70963,23.21761,305643
2659,lindgrenj6,3,0.00098,70966,23.21859,305643
2660,lineber,3,0.00098,70969,23.21957,305643
2661,lisongmin,3,0.00098,70972,23.22055,305643
2662,livrrr,3,0.00098,70975,23.22154,305643
2663,ljeda,3,0.00098,70978,23.22252,305643
2664,lmilbaum,3,0.00098,70981,23.22350,305643
2665,LNow,3,0.00098,70984,23.22448,305643
2666,lo1ol,3,0.00098,70987,23.22546,305643
2667,lospringliu,3,0.00098,70990,23.22644,305643
2668,lrodorigo,3,0.00098,70993,23.22743,305643
2669,lukengda,3,0.00098,70996,23.22841,305643
2670,lysliu,3,0.00098,70999,23.22939,305643
2671,m0rr1gan,3,0.00098,71002,23.23037,305643
2672,M5oul,3,0.00098,71005,23.23135,305643
2673,majek,3,0.00098,71008,23.23233,305643
2674,maknop,3,0.00098,71011,23.23331,305643
2675,MarcoPolo,3,0.00098,71014,23.23430,305643
2676,marcusfechner,3,0.00098,71017,23.23528,305643
2677,marhkb,3,0.00098,71020,23.23626,305643
2678,markhuang1212,3,0.00098,71023,23.23724,305643
2679,markkrj,3,0.00098,71026,23.23822,305643
2680,marryton007,3,0.00098,71029,23.23920,305643
2681,martafolf,3,0.00098,71032,23.24019,305643
2682,martinhoyer,3,0.00098,71035,23.24117,305643
2683,Martin-Weiss,3,0.00098,71038,23.24215,305643
2684,masarlabs,3,0.00098,71041,23.24313,305643
2685,MaserUser,3,0.00098,71044,23.24411,305643
2686,Mathie01,3,0.00098,71047,23.24509,305643
2687,matrey,3,0.00098,71050,23.24607,305643
2688,mattgagliardi,3,0.00098,71053,23.24706,305643
2689,MatthewDolan,3,0.00098,71056,23.24804,305643
2690,maust,3,0.00098,71059,23.24902,305643
2691,mavaddat,3,0.00098,71062,23.25000,305643
2692,maxclax,3,0.00098,71065,23.25098,305643
2693,maxirass,3,0.00098,71068,23.25196,305643
2694,MaxKingPor,3,0.00098,71071,23.25295,305643
2695,maze88,3,0.00098,71074,23.25393,305643
2696,mcdonc,3,0.00098,71077,23.25491,305643
2697,mcheshkov,3,0.00098,71080,23.25589,305643
2698,me1ram,3,0.00098,71083,23.25687,305643
2699,mecseid,3,0.00098,71086,23.25785,305643
2700,meeuw,3,0.00098,71089,23.25883,305643
2701,mersalin,3,0.00098,71092,23.25982,305643
2702,mfolnovic,3,0.00098,71095,23.26080,305643
2703,mgjm,3,0.00098,71098,23.26178,305643
2704,mh4ck-Thales,3,0.00098,71101,23.26276,305643
2705,mhenrixon,3,0.00098,71104,23.26374,305643
2706,michael131468,3,0.00098,71107,23.26472,305643
2707,MichaelAnckaert,3,0.00098,71110,23.26571,305643
2708,michael-d-fmtech,3,0.00098,71113,23.26669,305643
2709,MichaelKatsoulis,3,0.00098,71116,23.26767,305643
2710,michaelkrasa,3,0.00098,71119,23.26865,305643
2711,mig8447,3,0.00098,71122,23.26963,305643
2712,migesok,3,0.00098,71125,23.27061,305643
2713,mikewwwperry,3,0.00098,71128,23.27159,305643
2714,mikosa,3,0.00098,71131,23.27258,305643
2715,mikucat0309,3,0.00098,71134,23.27356,305643
2716,mil1i,3,0.00098,71137,23.27454,305643
2717,mirandadam,3,0.00098,71140,23.27552,305643
2718,mitchellmebane,3,0.00098,71143,23.27650,305643
2719,mitchfriedman,3,0.00098,71146,23.27748,305643
2720,MitrichDot,3,0.00098,71149,23.27847,305643
2721,miwagner1,3,0.00098,71152,23.27945,305643
2722,mjsmith1028,3,0.00098,71155,23.28043,305643
2723,mkanoor,3,0.00098,71158,23.28141,305643
2724,mkrasser,3,0.00098,71161,23.28239,305643
2725,mnk,3,0.00098,71164,23.28337,305643
2726,Mo0rBy,3,0.00098,71167,23.28435,305643
2727,moham-jem,3,0.00098,71170,23.28534,305643
2728,mohan43u,3,0.00098,71173,23.28632,305643
2729,mohanigs,3,0.00098,71176,23.28730,305643
2730,momrak,3,0.00098,71179,23.28828,305643
2731,monotone,3,0.00098,71182,23.28926,305643
2732,moparisthebest,3,0.00098,71185,23.29024,305643
2733,Mossman1215,3,0.00098,71188,23.29123,305643
2734,mpanetta,3,0.00098,71191,23.29221,305643
2735,mparada-suva,3,0.00098,71194,23.29319,305643
2736,mprasil,3,0.00098,71197,23.29417,305643
2737,MrAmericanMike,3,0.00098,71200,23.29515,305643
2738,MR-KO,3,0.00098,71203,23.29613,305643
2739,mrmac189,3,0.00098,71206,23.29711,305643
2740,MrMarshall,3,0.00098,71209,23.29810,305643
2741,mskott,3,0.00098,71212,23.29908,305643
2742,mstavares,3,0.00098,71215,23.30006,305643
2743,mth-cbc,3,0.00098,71218,23.30104,305643
2744,muety,3,0.00098,71221,23.30202,305643
2745,mukul-tyagi,3,0.00098,71224,23.30300,305643
2746,mwoehlke-kitware,3,0.00098,71227,23.30399,305643
2747,myifeng,3,0.00098,71230,23.30497,305643
2748,mzhirnov1,3,0.00098,71233,23.30595,305643
2749,n0vad3v,3,0.00098,71236,23.30693,305643
2750,nachtjasmin,3,0.00098,71239,23.30791,305643
2751,nadav-dav,3,0.00098,71242,23.30889,305643
2752,nagyv,3,0.00098,71245,23.30987,305643
2753,narinor,3,0.00098,71248,23.31086,305643
2754,nc-nvmt,3,0.00098,71251,23.31184,305643
2755,ndimiduk,3,0.00098,71254,23.31282,305643
2756,neitsab,3,0.00098,71257,23.31380,305643
2757,nem64,3,0.00098,71260,23.31478,305643
2758,nerdroychan,3,0.00098,71263,23.31576,305643
2759,neuberfran,3,0.00098,71266,23.31675,305643
2760,newijk,3,0.00098,71269,23.31773,305643
2761,new-sashok724,3,0.00098,71272,23.31871,305643
2762,ngdio,3,0.00098,71275,23.31969,305643
2763,nichjones1,3,0.00098,71278,23.32067,305643
2764,niclashoyer,3,0.00098,71281,23.32165,305643
2765,nicoeinsidler,3,0.00098,71284,23.32263,305643
2766,NicolaiLolansen,3,0.00098,71287,23.32362,305643
2767,nicop311,3,0.00098,71290,23.32460,305643
2768,nicoya,3,0.00098,71293,23.32558,305643
2769,niklashedlund1337,3,0.00098,71296,23.32656,305643
2770,niroowns,3,0.00098,71299,23.32754,305643
2771,NitrogenUA,3,0.00098,71302,23.32852,305643
2772,nktrmb,3,0.00098,71305,23.32951,305643
2773,nlfiedler,3,0.00098,71308,23.33049,305643
2774,nmeum,3,0.00098,71311,23.33147,305643
2775,NobodysNightmare,3,0.00098,71314,23.33245,305643
2776,noelmiller,3,0.00098,71317,23.33343,305643
2777,nouknouk,3,0.00098,71320,23.33441,305643
2778,noursaadallah,3,0.00098,71323,23.33539,305643
2779,novaotp,3,0.00098,71326,23.33638,305643
2780,Nuc1eoN,3,0.00098,71329,23.33736,305643
2781,nupanick,3,0.00098,71332,23.33834,305643
2782,o4rz3l,3,0.00098,71335,23.33932,305643
2783,o-alquimista,3,0.00098,71338,23.34030,305643
2784,Obirvalger,3,0.00098,71341,23.34128,305643
2785,of2x,3,0.00098,71344,23.34227,305643
2786,ogipogi,3,0.00098,71347,23.34325,305643
2787,olfway,3,0.00098,71350,23.34423,305643
2788,omenos,3,0.00098,71353,23.34521,305643
2789,omkhard,3,0.00098,71356,23.34619,305643
2790,oscarthorn,3,0.00098,71359,23.34717,305643
2791,OscarVanL,3,0.00098,71362,23.34815,305643
2792,ottowao,3,0.00098,71365,23.34914,305643
2793,oxan,3,0.00098,71368,23.35012,305643
2794,p12tic,3,0.00098,71371,23.35110,305643
2795,pabloyoyoista,3,0.00098,71374,23.35208,305643
2796,pagogoya,3,0.00098,71377,23.35306,305643
2797,Paper-Dragon,3,0.00098,71380,23.35404,305643
2798,PapeThePope,3,0.00098,71383,23.35503,305643
2799,paridee,3,0.00098,71386,23.35601,305643
2800,pasquale95,3,0.00098,71389,23.35699,305643
2801,pavanrudraswamy,3,0.00098,71392,23.35797,305643
2802,PayBas,3,0.00098,71395,23.35895,305643
2803,pbeckm,3,0.00098,71398,23.35993,305643
2804,pe224,3,0.00098,71401,23.36091,305643
2805,per6x,3,0.00098,71404,23.36190,305643
2806,peterlai-roboops,3,0.00098,71407,23.36288,305643
2807,philregier,3,0.00098,71410,23.36386,305643
2808,phlax,3,0.00098,71413,23.36484,305643
2809,piers-walter-ibm,3,0.00098,71416,23.36582,305643
2810,pinko-fowle,3,0.00098,71419,23.36680,305643
2811,pixelsoccupied,3,0.00098,71422,23.36779,305643
2812,p-kager,3,0.00098,71425,23.36877,305643
2813,plumcraft,3,0.00098,71428,23.36975,305643
2814,pm-twice,3,0.00098,71431,23.37073,305643
2815,pojntfx,3,0.00098,71434,23.37171,305643
2816,PoneyClairDeLune,3,0.00098,71437,23.37269,305643
2817,positron96,3,0.00098,71440,23.37367,305643
2818,powerserg19,3,0.00098,71443,23.37466,305643
2819,ppadashe,3,0.00098,71446,23.37564,305643
2820,Prashanth684,3,0.00098,71449,23.37662,305643
2821,pravic,3,0.00098,71452,23.37760,305643
2822,principis,3,0.00098,71455,23.37858,305643
2823,psyke83,3,0.00098,71458,23.37956,305643
2824,ptalbert,3,0.00098,71461,23.38055,305643
2825,pulsar895,3,0.00098,71464,23.38153,305643
2826,purefn,3,0.00098,71467,23.38251,305643
2827,purplefox,3,0.00098,71470,23.38349,305643
2828,QincaiLiu,3,0.00098,71473,23.38447,305643
2829,qoomon,3,0.00098,71476,23.38545,305643
2830,qrhfz,3,0.00098,71479,23.38643,305643
2831,qrli,3,0.00098,71482,23.38742,305643
2832,quaintdev,3,0.00098,71485,23.38840,305643
2833,Raekye,3,0.00098,71488,23.38938,305643
2834,raffomania,3,0.00098,71491,23.39036,305643
2835,rahbal,3,0.00098,71494,23.39134,305643
2836,rajeshnawale,3,0.00098,71497,23.39232,305643
2837,rakodev,3,0.00098,71500,23.39331,305643
2838,randomswdev,3,0.00098,71503,23.39429,305643
2839,rangoo94,3,0.00098,71506,23.39527,305643
2840,raoulbhatia,3,0.00098,71509,23.39625,305643
2841,rapenne-s,3,0.00098,71512,23.39723,305643
2842,rauar,3,0.00098,71515,23.39821,305643
2843,rayankiy,3,0.00098,71518,23.39919,305643
2844,Razriel3,3,0.00098,71521,23.40018,305643
2845,rbjorklin,3,0.00098,71524,23.40116,305643
2846,reagentoo,3,0.00098,71527,23.40214,305643
2847,rechandler12,3,0.00098,71530,23.40312,305643
2848,rektide,3,0.00098,71533,23.40410,305643
2849,relistan,3,0.00098,71536,23.40508,305643
2850,repi02,3,0.00098,71539,23.40607,305643
2851,Resisty,3,0.00098,71542,23.40705,305643
2852,retrry,3,0.00098,71545,23.40803,305643
2853,ricardojoaoreis,3,0.00098,71548,23.40901,305643
2854,richardhenwood-gradient,3,0.00098,71551,23.40999,305643
2855,RichardShiao,3,0.00098,71554,23.41097,305643
2856,rktjmp,3,0.00098,71557,23.41195,305643
2857,rmsc,3,0.00098,71560,23.41294,305643
2858,rnjudge,3,0.00098,71563,23.41392,305643
2859,rnwolf,3,0.00098,71566,23.41490,305643
2860,robbiemu,3,0.00098,71569,23.41588,305643
2861,robertpatrick,3,0.00098,71572,23.41686,305643
2862,robertzaage,3,0.00098,71575,23.41784,305643
2863,rodericliu,3,0.00098,71578,23.41883,305643
2864,rolintoucour,3,0.00098,71581,23.41981,305643
2865,romantolkachyov,3,0.00098,71584,23.42079,305643
2866,rom-stratoscale,3,0.00098,71587,23.42177,305643
2867,Rondom,3,0.00098,71590,23.42275,305643
2868,RonNair24,3,0.00098,71593,23.42373,305643
2869,rottaran,3,0.00098,71596,23.42471,305643
2870,ruben-herold,3,0.00098,71599,23.42570,305643
2871,runbmp,3,0.00098,71602,23.42668,305643
2872,rvinaybharadwaj,3,0.00098,71605,23.42766,305643
2873,ryansanford,3,0.00098,71608,23.42864,305643
2874,ryester27,3,0.00098,71611,23.42962,305643
2875,sabbraxcaddabra,3,0.00098,71614,23.43060,305643
2876,sallevan,3,0.00098,71617,23.43159,305643
2877,samdish7,3,0.00098,71620,23.43257,305643
2878,samuel-andres,3,0.00098,71623,23.43355,305643
2879,SandroCasagrande,3,0.00098,71626,23.43453,305643
2880,Sani7,3,0.00098,71629,23.43551,305643
2881,santiagorr,3,0.00098,71632,23.43649,305643
2882,saucoide,3,0.00098,71635,23.43747,305643
2883,scottmckenzie,3,0.00098,71638,23.43846,305643
2884,scottwlyft,3,0.00098,71641,23.43944,305643
2885,SeaLife,3,0.00098,71644,23.44042,305643
2886,seanlafferty-ibm,3,0.00098,71647,23.44140,305643
2887,seantwie03,3,0.00098,71650,23.44238,305643
2888,sebastian-luna-valero,3,0.00098,71653,23.44336,305643
2889,sebastien-coavoux,3,0.00098,71656,23.44435,305643
2890,sebhoss,3,0.00098,71659,23.44533,305643
2891,secext2022,3,0.00098,71662,23.44631,305643
2892,sentry124,3,0.00098,71665,23.44729,305643
2893,septatrix,3,0.00098,71668,23.44827,305643
2894,SergeyBear,3,0.00098,71671,23.44925,305643
2895,setharnold,3,0.00098,71674,23.45023,305643
2896,setofaces,3,0.00098,71677,23.45122,305643
2897,Sevin556,3,0.00098,71680,23.45220,305643
2898,sharkymcdongles,3,0.00098,71683,23.45318,305643
2899,shenqinb-star,3,0.00098,71686,23.45416,305643
2900,shikharish,3,0.00098,71689,23.45514,305643
2901,shumphrey,3,0.00098,71692,23.45612,305643
2902,Siegfriedk,3,0.00098,71695,23.45711,305643
2903,siepkes,3,0.00098,71698,23.45809,305643
2904,sintesfabien,3,0.00098,71701,23.45907,305643
2905,SISheogorath,3,0.00098,71704,23.46005,305643
2906,sixeIa,3,0.00098,71707,23.46103,305643
2907,sjauld,3,0.00098,71710,23.46201,305643
2908,skurhse,3,0.00098,71713,23.46299,305643
2909,slhck,3,0.00098,71716,23.46398,305643
2910,slofurno,3,0.00098,71719,23.46496,305643
2911,slohana,3,0.00098,71722,23.46594,305643
2912,s-m-e,3,0.00098,71725,23.46692,305643
2913,smerschjohann,3,0.00098,71728,23.46790,305643
2914,smil2k,3,0.00098,71731,23.46888,305643
2915,smithfred,3,0.00098,71734,23.46987,305643
2916,smrqdt,3,0.00098,71737,23.47085,305643
2917,snail2sky,3,0.00098,71740,23.47183,305643
2918,softwareplumber,3,0.00098,71743,23.47281,305643
2919,SoniKanthP,3,0.00098,71746,23.47379,305643
2920,sophonet,3,0.00098,71749,23.47477,305643
2921,sschubertchainguard,3,0.00098,71752,23.47575,305643
2922,sseide,3,0.00098,71755,23.47674,305643
2923,sshankar-rks,3,0.00098,71758,23.47772,305643
2924,SSW-SCIENTIFIC,3,0.00098,71761,23.47870,305643
2925,ssyedabthahir,3,0.00098,71764,23.47968,305643
2926,starry91,3,0.00098,71767,23.48066,305643
2927,startemplar,3,0.00098,71770,23.48164,305643
2928,StefanD986,3,0.00098,71773,23.48263,305643
2929,step21,3,0.00098,71776,23.48361,305643
2930,stephengaito,3,0.00098,71779,23.48459,305643
2931,stevecj,3,0.00098,71782,23.48557,305643
2932,stickM4N,3,0.00098,71785,23.48655,305643
2933,stratdev3,3,0.00098,71788,23.48753,305643
2934,sunshine69,3,0.00098,71791,23.48851,305643
2935,super-horst,3,0.00098,71794,23.48950,305643
2936,Supreeeme,3,0.00098,71797,23.49048,305643
2937,suptejas,3,0.00098,71800,23.49146,305643
2938,sureshgaikwad,3,0.00098,71803,23.49244,305643
2939,SusheelReddy00,3,0.00098,71806,23.49342,305643
2940,sushmbha,3,0.00098,71809,23.49440,305643
2941,SyamiliV,3,0.00098,71812,23.49539,305643
2942,t2d,3,0.00098,71815,23.49637,305643
2943,TacticalPenGuinn,3,0.00098,71818,23.49735,305643
2944,taladar,3,0.00098,71821,23.49833,305643
2945,tanwald,3,0.00098,71824,23.49931,305643
2946,tashian,3,0.00098,71827,23.50029,305643
2947,tazerdev,3,0.00098,71830,23.50127,305643
2948,tdgroot,3,0.00098,71833,23.50226,305643
2949,tdobrovolny,3,0.00098,71836,23.50324,305643
2950,TeeVenDick,3,0.00098,71839,23.50422,305643
2951,telday,3,0.00098,71842,23.50520,305643
2952,TeNNoX,3,0.00098,71845,23.50618,305643
2953,thefonso,3,0.00098,71848,23.50716,305643
2954,TheLonelyGhost,3,0.00098,71851,23.50815,305643
2955,thePanz,3,0.00098,71854,23.50913,305643
2956,thjderjktyrjkt,3,0.00098,71857,23.51011,305643
2957,thomascube,3,0.00098,71860,23.51109,305643
2958,thomashoefkens-vw,3,0.00098,71863,23.51207,305643
2959,ThomasTheRhombus,3,0.00098,71866,23.51305,305643
2960,thoniTUB,3,0.00098,71869,23.51403,305643
2961,Tianyang-Zhang,3,0.00098,71872,23.51502,305643
2962,timbocau,3,0.00098,71875,23.51600,305643
2963,timmy61109,3,0.00098,71878,23.51698,305643
2964,tomassatka,3,0.00098,71881,23.51796,305643
2965,TomerHasson,3,0.00098,71884,23.51894,305643
2966,tonyseek,3,0.00098,71887,23.51992,305643
2967,ToviHe,3,0.00098,71890,23.52091,305643
2968,ToxicMushroom,3,0.00098,71893,23.52189,305643
2969,Trashmee,3,0.00098,71896,23.52287,305643
2970,trchen1033,3,0.00098,71899,23.52385,305643
2971,tripougnif,3,0.00098,71902,23.52483,305643
2972,TTWShell,3,0.00098,71905,23.52581,305643
2973,tuan-hoang1,3,0.00098,71908,23.52679,305643
2974,tungphuong,3,0.00098,71911,23.52778,305643
2975,TuranTimur,3,0.00098,71914,23.52876,305643
2976,ty359,3,0.00098,71917,23.52974,305643
2977,tydavis,3,0.00098,71920,23.53072,305643
2978,typecasto,3,0.00098,71923,23.53170,305643
2979,tzickel,3,0.00098,71926,23.53268,305643
2980,uenokatsura,3,0.00098,71929,23.53367,305643
2981,umialpha,3,0.00098,71932,23.53465,305643
2982,UNiXMIT,3,0.00098,71935,23.53563,305643
2983,urkle,3,0.00098,71938,23.53661,305643
2984,userxfce,3,0.00098,71941,23.53759,305643
2985,VaishnavIntel,3,0.00098,71944,23.53857,305643
2986,valleedelisle,3,0.00098,71947,23.53955,305643
2987,varesa,3,0.00098,71950,23.54054,305643
2988,Verhoeckx,3,0.00098,71953,23.54152,305643
2989,vhscom,3,0.00098,71956,23.54250,305643
2990,vibiu,3,0.00098,71959,23.54348,305643
2991,VictorCallejas,3,0.00098,71962,23.54446,305643
2992,victorLeft,3,0.00098,71965,23.54544,305643
2993,vimusov,3,0.00098,71968,23.54643,305643
2994,vincenzoml,3,0.00098,71971,23.54741,305643
2995,vinusorout,3,0.00098,71974,23.54839,305643
2996,viplifes,3,0.00098,71977,23.54937,305643
2997,viprob-ai,3,0.00098,71980,23.55035,305643
2998,vizv,3,0.00098,71983,23.55133,305643
2999,vlix-vli,3,0.00098,71986,23.55231,305643
3000,vl-shopback,3,0.00098,71989,23.55330,305643
3001,vmpn,3,0.00098,71992,23.55428,305643
3002,voldimot,3,0.00098,71995,23.55526,305643
3003,volgar1x,3,0.00098,71998,23.55624,305643
3004,VorpalBlade,3,0.00098,72001,23.55722,305643
3005,vpodzime,3,0.00098,72004,23.55820,305643
3006,vquemener,3,0.00098,72007,23.55919,305643
3007,Vringe,3,0.00098,72010,23.56017,305643
3008,w60001,3,0.00098,72013,23.56115,305643
3009,W73,3,0.00098,72016,23.56213,305643
3010,waheedi,3,0.00098,72019,23.56311,305643
3011,wanghang7410,3,0.00098,72022,23.56409,305643
3012,waruiji,3,0.00098,72025,23.56507,305643
3013,waylew-abc,3,0.00098,72028,23.56606,305643
3014,wc7086,3,0.00098,72031,23.56704,305643
3015,wchaws,3,0.00098,72034,23.56802,305643
3016,weatherfrog,3,0.00098,72037,23.56900,305643
3017,web-engineer,3,0.00098,72040,23.56998,305643
3018,wegel,3,0.00098,72043,23.57096,305643
3019,weitlich,3,0.00098,72046,23.57195,305643
3020,weli-l,3,0.00098,72049,23.57293,305643
3021,wesley800,3,0.00098,72052,23.57391,305643
3022,Wesselinator,3,0.00098,72055,23.57489,305643
3023,wibrt,3,0.00098,72058,23.57587,305643
3024,WildPenquin,3,0.00098,72061,23.57685,305643
3025,WINIQMAR,3,0.00098,72064,23.57783,305643
3026,witchent,3,0.00098,72067,23.57882,305643
3027,WittonBell,3,0.00098,72070,23.57980,305643
3028,WittyNameHere,3,0.00098,72073,23.58078,305643
3029,WoozyMasta,3,0.00098,72076,23.58176,305643
3030,wucke13,3,0.00098,72079,23.58274,305643
3031,xabinapal,3,0.00098,72082,23.58372,305643
3032,xaviermerino,3,0.00098,72085,23.58471,305643
3033,xcross-ibm,3,0.00098,72088,23.58569,305643
3034,XiaodongLoong,3,0.00098,72091,23.58667,305643
3035,Xibal-UPS,3,0.00098,72094,23.58765,305643
3036,Xiretza,3,0.00098,72097,23.58863,305643
3037,xxyzz,3,0.00098,72100,23.58961,305643
3038,yajo,3,0.00098,72103,23.59059,305643
3039,Yarboa,3,0.00098,72106,23.59158,305643
3040,yashagacisco,3,0.00098,72109,23.59256,305643
3041,yifeikong,3,0.00098,72112,23.59354,305643
3042,yiminmv,3,0.00098,72115,23.59452,305643
3043,yimin-zhao,3,0.00098,72118,23.59550,305643
3044,ylapin,3,0.00098,72121,23.59648,305643
3045,ypnos,3,0.00098,72124,23.59747,305643
3046,yule-sun,3,0.00098,72127,23.59845,305643
3047,yuokada126,3,0.00098,72130,23.59943,305643
3048,yuzhouliu-solace,3,0.00098,72133,23.60041,305643
3049,zak-admin,3,0.00098,72136,23.60139,305643
3050,zaphar,3,0.00098,72139,23.60237,305643
3051,zdenkoimrek,3,0.00098,72142,23.60335,305643
3052,zeddii,3,0.00098,72145,23.60434,305643
3053,Zeethulhu,3,0.00098,72148,23.60532,305643
3054,zhuguoliang,3,0.00098,72151,23.60630,305643
3055,zturtleman,3,0.00098,72154,23.60728,305643
3056,zyclonite,3,0.00098,72157,23.60826,305643
3057,010blckswan420,2,0.00065,72159,23.60892,305643
3058,0b11stan,2,0.00065,72161,23.60957,305643
3059,0xF4CED,2,0.00065,72163,23.61023,305643
3060,1sixth,2,0.00065,72165,23.61088,305643
3061,3nprob,2,0.00065,72167,23.61153,305643
3062,403gseol,2,0.00065,72169,23.61219,305643
3063,4censord,2,0.00065,72171,23.61284,305643
3064,5KS,2,0.00065,72173,23.61350,305643
3065,75033us,2,0.00065,72175,23.61415,305643
3066,7fffffff,2,0.00065,72177,23.61481,305643
3067,90degs2infty,2,0.00065,72179,23.61546,305643
3068,aa956,2,0.00065,72181,23.61611,305643
3069,aadilayub,2,0.00065,72183,23.61677,305643
3070,aaronjheng,2,0.00065,72185,23.61742,305643
3071,abbra,2,0.00065,72187,23.61808,305643
3072,abentele,2,0.00065,72189,23.61873,305643
3073,ab-mohamed,2,0.00065,72191,23.61939,305643
3074,aborniak,2,0.00065,72193,23.62004,305643
3075,abustany,2,0.00065,72195,23.62069,305643
3076,acastong,2,0.00065,72197,23.62135,305643
3077,acritelli,2,0.00065,72199,23.62200,305643
3078,ActuallyHappening,2,0.00065,72201,23.62266,305643
3079,adamjrat,2,0.00065,72203,23.62331,305643
3080,adinerman,2,0.00065,72205,23.62397,305643
3081,adippel,2,0.00065,72207,23.62462,305643
3082,agora9,2,0.00065,72209,23.62528,305643
3083,agowa,2,0.00065,72211,23.62593,305643
3084,agowa338,2,0.00065,72213,23.62658,305643
3085,agracey,2,0.00065,72215,23.62724,305643
3086,agsimeonov,2,0.00065,72217,23.62789,305643
3087,ajyounge,2,0.00065,72219,23.62855,305643
3088,akhilles,2,0.00065,72221,23.62920,305643
3089,akihiro,2,0.00065,72223,23.62986,305643
3090,alapidas,2,0.00065,72225,23.63051,305643
3091,albertxos,2,0.00065,72227,23.63116,305643
3092,albinkc,2,0.00065,72229,23.63182,305643
3093,alecello,2,0.00065,72231,23.63247,305643
3094,alechirsch,2,0.00065,72233,23.63313,305643
3095,AlekseiKromski,2,0.00065,72235,23.63378,305643
3096,AlessandroAmore,2,0.00065,72237,23.63444,305643
3097,alexanderbazhenoff,2,0.00065,72239,23.63509,305643
3098,AlexandrClick,2,0.00065,72241,23.63574,305643
3099,alexandrevicenzi,2,0.00065,72243,23.63640,305643
3100,alexbde,2,0.00065,72245,23.63705,305643
3101,alexei-led,2,0.00065,72247,23.63771,305643
3102,alexmaras,2,0.00065,72249,23.63836,305643
3103,AlexRamallo,2,0.00065,72251,23.63902,305643
3104,allanday,2,0.00065,72253,23.63967,305643
3105,AllanHall,2,0.00065,72255,23.64033,305643
3106,allurefx,2,0.00065,72257,23.64098,305643
3107,amanfangeria980,2,0.00065,72259,23.64163,305643
3108,amarshall,2,0.00065,72261,23.64229,305643
3109,amberjungminlee,2,0.00065,72263,23.64294,305643
3110,ambiamber,2,0.00065,72265,23.64360,305643
3111,amsnek,2,0.00065,72267,23.64425,305643
3112,amyfou,2,0.00065,72269,23.64491,305643
3113,anagno,2,0.00065,72271,23.64556,305643
3114,AnalogJ,2,0.00065,72273,23.64621,305643
3115,anarchy89,2,0.00065,72275,23.64687,305643
3116,ANaumann85,2,0.00065,72277,23.64752,305643
3117,ancosma,2,0.00065,72279,23.64818,305643
3118,andremayer,2,0.00065,72281,23.64883,305643
3119,andrewvaslas,2,0.00065,72283,23.64949,305643
3120,andrico21,2,0.00065,72285,23.65014,305643
3121,angelamui,2,0.00065,72287,23.65080,305643
3122,AngleSideAngle,2,0.00065,72289,23.65145,305643
3123,anilwavde,2,0.00065,72291,23.65210,305643
3124,ankit-db,2,0.00065,72293,23.65276,305643
3125,ankitdbst,2,0.00065,72295,23.65341,305643
3126,ankudinov,2,0.00065,72297,23.65407,305643
3127,antdking,2,0.00065,72299,23.65472,305643
3128,anthonynguyen394,2,0.00065,72301,23.65538,305643
3129,anudeepreddy,2,0.00065,72303,23.65603,305643
3130,aohanhe,2,0.00065,72305,23.65668,305643
3131,aoikonomopoulos,2,0.00065,72307,23.65734,305643
3132,apcheamitru,2,0.00065,72309,23.65799,305643
3133,apederson94,2,0.00065,72311,23.65865,305643
3134,apkumar,2,0.00065,72313,23.65930,305643
3135,aquasync,2,0.00065,72315,23.65996,305643
3136,Arabus,2,0.00065,72317,23.66061,305643
3137,Archloy,2,0.00065,72319,23.66126,305643
3138,arcusfelis,2,0.00065,72321,23.66192,305643
3139,ardrigh,2,0.00065,72323,23.66257,305643
3140,aren55555,2,0.00065,72325,23.66323,305643
3141,arielnmz,2,0.00065,72327,23.66388,305643
3142,armouredking,2,0.00065,72329,23.66454,305643
3143,Arnavion,2,0.00065,72331,23.66519,305643
3144,Arno500,2,0.00065,72333,23.66585,305643
3145,arottigni-te,2,0.00065,72335,23.66650,305643
3146,Aruscha,2,0.00065,72337,23.66715,305643
3147,ArvindGundimajalu,2,0.00065,72339,23.66781,305643
3148,Aryanrt,2,0.00065,72341,23.66846,305643
3149,asciiprod,2,0.00065,72343,23.66912,305643
3150,AshDevFr,2,0.00065,72345,23.66977,305643
3151,ashish0fficial,2,0.00065,72347,23.67043,305643
3152,ash-ketsup,2,0.00065,72349,23.67108,305643
3153,ashoks27,2,0.00065,72351,23.67173,305643
3154,ashraffouda,2,0.00065,72353,23.67239,305643
3155,atamanroman,2,0.00065,72355,23.67304,305643
3156,aut0,2,0.00065,72357,23.67370,305643
3157,avinashkarhana,2,0.00065,72359,23.67435,305643
3158,awfulcooking,2,0.00065,72361,23.67501,305643
3159,azaceta,2,0.00065,72363,23.67566,305643
3160,azazadev,2,0.00065,72365,23.67632,305643
3161,azdle,2,0.00065,72367,23.67697,305643
3162,azmandzamiri,2,0.00065,72369,23.67762,305643
3163,baatl,2,0.00065,72371,23.67828,305643
3164,bakajstep,2,0.00065,72373,23.67893,305643
3165,Balthyr,2,0.00065,72375,23.67959,305643
3166,barosl,2,0.00065,72377,23.68024,305643
3167,barzog,2,0.00065,72379,23.68090,305643
3168,basheer12,2,0.00065,72381,23.68155,305643
3169,baszoetekouw,2,0.00065,72383,23.68220,305643
3170,baxeno,2,0.00065,72385,23.68286,305643
3171,Bazaar1,2,0.00065,72387,23.68351,305643
3172,Bbulatov,2,0.00065,72389,23.68417,305643
3173,bconn98,2,0.00065,72391,23.68482,305643
3174,BearWithMeOO,2,0.00065,72393,23.68548,305643
3175,BenDev1001,2,0.00065,72395,23.68613,305643
3176,benjamin-salchow,2,0.00065,72397,23.68678,305643
3177,benridley,2,0.00065,72399,23.68744,305643
3178,BenSmith,2,0.00065,72401,23.68809,305643
3179,bergmannf,2,0.00065,72403,23.68875,305643
3180,bernardomig,2,0.00065,72405,23.68940,305643
3181,berndlosert,2,0.00065,72407,23.69006,305643
3182,beroset,2,0.00065,72409,23.69071,305643
3183,beshkenadze,2,0.00065,72411,23.69137,305643
3184,betterharderfasterstronger,2,0.00065,72413,23.69202,305643
3185,big1tasty,2,0.00065,72415,23.69267,305643
3186,BigmenPixel0,2,0.00065,72417,23.69333,305643
3187,Bilgetz,2,0.00065,72419,23.69398,305643
3188,Bill0412,2,0.00065,72421,23.69464,305643
3189,binarious,2,0.00065,72423,23.69529,305643
3190,binarywaddle,2,0.00065,72425,23.69595,305643
3191,bingoct,2,0.00065,72427,23.69660,305643
3192,bismip,2,0.00065,72429,23.69725,305643
3193,Bitamarghzari,2,0.00065,72431,23.69791,305643
3194,bkueng,2,0.00065,72433,23.69856,305643
3195,blame2020,2,0.00065,72435,23.69922,305643
3196,blazzy,2,0.00065,72437,23.69987,305643
3197,Blindfreddy,2,0.00065,72439,23.70053,305643
3198,blubberdiblub,2,0.00065,72441,23.70118,305643
3199,bluca,2,0.00065,72443,23.70184,305643
3200,blueboxes,2,0.00065,72445,23.70249,305643
3201,bobmoff,2,0.00065,72447,23.70314,305643
3202,bochecha,2,0.00065,72449,23.70380,305643
3203,bodhi-one,2,0.00065,72451,23.70445,305643
3204,bogdanmuresan,2,0.00065,72453,23.70511,305643
3205,bojidar-bg,2,0.00065,72455,23.70576,305643
3206,boldt,2,0.00065,72457,23.70642,305643
3207,bonjour-py,2,0.00065,72459,23.70707,305643
3208,bosd,2,0.00065,72461,23.70772,305643
3209,bowbahdoe,2,0.00065,72463,23.70838,305643
3210,bprimekey,2,0.00065,72465,23.70903,305643
3211,brainiac19,2,0.00065,72467,23.70969,305643
3212,brent-holden,2,0.00065,72469,23.71034,305643
3213,brenton,2,0.00065,72471,23.71100,305643
3214,briankoco,2,0.00065,72473,23.71165,305643
3215,brianplattenburg-delta,2,0.00065,72475,23.71230,305643
3216,BrightEyesBushyTail,2,0.00065,72477,23.71296,305643
3217,brlin-tw,2,0.00065,72479,23.71361,305643
3218,brndd,2,0.00065,72481,23.71427,305643
3219,brurucy,2,0.00065,72483,23.71492,305643
3220,bryonbaker,2,0.00065,72485,23.71558,305643
3221,bstin,2,0.00065,72487,23.71623,305643
3222,BtbN,2,0.00065,72489,23.71689,305643
3223,BuonHobo,2,0.00065,72491,23.71754,305643
3224,burgesQ,2,0.00065,72493,23.71819,305643
3225,bwskin,2,0.00065,72495,23.71885,305643
3226,byunru,2,0.00065,72497,23.71950,305643
3227,caioariede,2,0.00065,72499,23.72016,305643
3228,calebzulawski,2,0.00065,72501,23.72081,305643
3229,CallisteH,2,0.00065,72503,23.72147,305643
3230,CameronAM,2,0.00065,72505,23.72212,305643
3231,cangkuai,2,0.00065,72507,23.72277,305643
3232,capnajax,2,0.00065,72509,23.72343,305643
3233,carles-garcia,2,0.00065,72511,23.72408,305643
3234,cbdejavu,2,0.00065,72513,23.72474,305643
3235,cboltz,2,0.00065,72515,23.72539,305643
3236,cdbattags,2,0.00065,72517,23.72605,305643
3237,ceddup,2,0.00065,72519,23.72670,305643
3238,cgx-system,2,0.00065,72521,23.72736,305643
3239,ch0fe,2,0.00065,72523,23.72801,305643
3240,chainmail,2,0.00065,72525,23.72866,305643
3241,Chanelpua,2,0.00065,72527,23.72932,305643
3242,chaojidage,2,0.00065,72529,23.72997,305643
3243,chargio,2,0.00065,72531,23.73063,305643
3244,chax,2,0.00065,72533,23.73128,305643
3245,Chaz6,2,0.00065,72535,23.73194,305643
3246,chengkuangan,2,0.00065,72537,23.73259,305643
3247,chethanah,2,0.00065,72539,23.73324,305643
3248,chickeaterbanana,2,0.00065,72541,23.73390,305643
3249,chillout2k,2,0.00065,72543,23.73455,305643
3250,Chris2011,2,0.00065,72545,23.73521,305643
3251,chrismaster,2,0.00065,72547,23.73586,305643
3252,ChristalZhao,2,0.00065,72549,23.73652,305643
3253,christianhorn,2,0.00065,72551,23.73717,305643
3254,ChristophP,2,0.00065,72553,23.73782,305643
3255,chvish,2,0.00065,72555,23.73848,305643
3256,cidrbl0ck,2,0.00065,72557,23.73913,305643
3257,Ckarles,2,0.00065,72559,23.73979,305643
3258,clauderobi,2,0.00065,72561,23.74044,305643
3259,claudiusraphael,2,0.00065,72563,23.74110,305643
3260,clebergnu,2,0.00065,72565,23.74175,305643
3261,clementremillieux,2,0.00065,72567,23.74241,305643
3262,cmonty14,2,0.00065,72569,23.74306,305643
3263,cmorve-te,2,0.00065,72571,23.74371,305643
3264,codebam,2,0.00065,72573,23.74437,305643
3265,codefist,2,0.00065,72575,23.74502,305643
3266,codethief,2,0.00065,72577,23.74568,305643
3267,cognition9144,2,0.00065,72579,23.74633,305643
3268,coiby,2,0.00065,72581,23.74699,305643
3269,ColonelBundy,2,0.00065,72583,23.74764,305643
3270,Conrad9602,2,0.00065,72585,23.74829,305643
3271,control-d,2,0.00065,72587,23.74895,305643
3272,corbym,2,0.00065,72589,23.74960,305643
3273,countcretinos,2,0.00065,72591,23.75026,305643
3274,countofsanfrancisco,2,0.00065,72593,23.75091,305643
3275,cowcomic,2,0.00065,72595,23.75157,305643
3276,cpetestewart,2,0.00065,72597,23.75222,305643
3277,craigsloggett,2,0.00065,72599,23.75288,305643
3278,crcox,2,0.00065,72601,23.75353,305643
3279,crd477,2,0.00065,72603,23.75418,305643
3280,creaky,2,0.00065,72605,23.75484,305643
3281,crepererum,2,0.00065,72607,23.75549,305643
3282,crfrolik,2,0.00065,72609,23.75615,305643
3283,CrimsonFez,2,0.00065,72611,23.75680,305643
3284,crruizb,2,0.00065,72613,23.75746,305643
3285,cveilleux,2,0.00065,72615,23.75811,305643
3286,cvsik,2,0.00065,72617,23.75876,305643
3287,cxyfreedom,2,0.00065,72619,23.75942,305643
3288,CyberFox001,2,0.00065,72621,23.76007,305643
3289,CzBiX,2,0.00065,72623,23.76073,305643
3290,d03j,2,0.00065,72625,23.76138,305643
3291,dada216,2,0.00065,72627,23.76204,305643
3292,dajtxx,2,0.00065,72629,23.76269,305643
3293,daluu,2,0.00065,72631,23.76334,305643
3294,dangthanh360,2,0.00065,72633,23.76400,305643
3295,DanielCalvo,2,0.00065,72635,23.76465,305643
3296,daniellaera,2,0.00065,72637,23.76531,305643
3297,danjac,2,0.00065,72639,23.76596,305643
3298,Dark-Schneider-666,2,0.00065,72641,23.76662,305643
3299,Daskan,2,0.00065,72643,23.76727,305643
3300,dattatrayvaze,2,0.00065,72645,23.76793,305643
3301,daubneyi,2,0.00065,72647,23.76858,305643
3302,DaveWK,2,0.00065,72649,23.76923,305643
3303,DavidJJ,2,0.00065,72651,23.76989,305643
3304,dawncold,2,0.00065,72653,23.77054,305643
3305,dayeguilaiye,2,0.00065,72655,23.77120,305643
3306,DazAh,2,0.00065,72657,23.77185,305643
3307,dbloms,2,0.00065,72659,23.77251,305643
3308,dcode,2,0.00065,72661,23.77316,305643
3309,ddedroog,2,0.00065,72663,23.77381,305643
3310,DE0CH,2,0.00065,72665,23.77447,305643
3311,decandia50,2,0.00065,72667,23.77512,305643
3312,deftdawg,2,0.00065,72669,23.77578,305643
3313,dekimsey,2,0.00065,72671,23.77643,305643
3314,delboy1978uk,2,0.00065,72673,23.77709,305643
3315,Deliveranc3,2,0.00065,72675,23.77774,305643
3316,deltoura,2,0.00065,72677,23.77840,305643
3317,DenisaIoanaMatei,2,0.00065,72679,23.77905,305643
3318,denisoster,2,0.00065,72681,23.77970,305643
3319,dennis8,2,0.00065,72683,23.78036,305643
3320,denniskempin,2,0.00065,72685,23.78101,305643
3321,desilinguist,2,0.00065,72687,23.78167,305643
3322,dfeddema,2,0.00065,72689,23.78232,305643
3323,DineshReddyK,2,0.00065,72691,23.78298,305643
3324,dipankar-maitra-arch,2,0.00065,72693,23.78363,305643
3325,disacrol,2,0.00065,72695,23.78428,305643
3326,distributed-clouds,2,0.00065,72697,23.78494,305643
3327,divolgin,2,0.00065,72699,23.78559,305643
3328,dixonwille,2,0.00065,72701,23.78625,305643
3329,DjangoCalendar,2,0.00065,72703,23.78690,305643
3330,DJDaveMark,2,0.00065,72705,23.78756,305643
3331,djerius,2,0.00065,72707,23.78821,305643
3332,djukxe,2,0.00065,72709,23.78886,305643
3333,dkleissa,2,0.00065,72711,23.78952,305643
3334,dm4,2,0.00065,72713,23.79017,305643
3335,dmach,2,0.00065,72715,23.79083,305643
3336,dmarrazzo,2,0.00065,72717,23.79148,305643
3337,dmd,2,0.00065,72719,23.79214,305643
3338,dmdx86,2,0.00065,72721,23.79279,305643
3339,dmlemos,2,0.00065,72723,23.79345,305643
3340,dmlond,2,0.00065,72725,23.79410,305643
3341,dnewhook,2,0.00065,72727,23.79475,305643
3342,dnlnegroni,2,0.00065,72729,23.79541,305643
3343,dnmvisser,2,0.00065,72731,23.79606,305643
3344,Domini,2,0.00065,72733,23.79672,305643
3345,DominicLavery,2,0.00065,72735,23.79737,305643
3346,donn,2,0.00065,72737,23.79803,305643
3347,donngchao,2,0.00065,72739,23.79868,305643
3348,dontfreakout,2,0.00065,72741,23.79933,305643
3349,dove-young,2,0.00065,72743,23.79999,305643
3350,doyoungim999,2,0.00065,72745,23.80064,305643
3351,dravenk,2,0.00065,72747,23.80130,305643
3352,Draxter,2,0.00065,72749,23.80195,305643
3353,Drewster727,2,0.00065,72751,23.80261,305643
3354,dtchanpura,2,0.00065,72753,23.80326,305643
3355,duangsuse,2,0.00065,72755,23.80392,305643
3356,dusansimic,2,0.00065,72757,23.80457,305643
3357,dvg06,2,0.00065,72759,23.80522,305643
3358,dylangerdaly,2,0.00065,72761,23.80588,305643
3359,dzirg44,2,0.00065,72763,23.80653,305643
3360,E314c,2,0.00065,72765,23.80719,305643
3361,eckseleven,2,0.00065,72767,23.80784,305643
3362,ecnepsnai,2,0.00065,72769,23.80850,305643
3363,edgex004,2,0.00065,72771,23.80915,305643
3364,efussi,2,0.00065,72773,23.80980,305643
3365,eirikrye,2,0.00065,72775,23.81046,305643
3366,elasticdotventures,2,0.00065,72777,23.81111,305643
3367,electrofloat,2,0.00065,72779,23.81177,305643
3368,elkan1788,2,0.00065,72781,23.81242,305643
3369,Ellerbach,2,0.00065,72783,23.81308,305643
3370,ElMassas,2,0.00065,72785,23.81373,305643
3371,el-pepino-85,2,0.00065,72787,23.81438,305643
3372,ElSamhaa,2,0.00065,72789,23.81504,305643
3373,emolitor,2,0.00065,72791,23.81569,305643
3374,empire-penguin,2,0.00065,72793,23.81635,305643
3375,emreds,2,0.00065,72795,23.81700,305643
3376,enriquesalceda,2,0.00065,72797,23.81766,305643
3377,epDHowwD,2,0.00065,72799,23.81831,305643
3378,ephracis,2,0.00065,72801,23.81897,305643
3379,erbzn,2,0.00065,72803,23.81962,305643
3380,erharb,2,0.00065,72805,23.82027,305643
3381,erickellerek1,2,0.00065,72807,23.82093,305643
3382,ericxiaomingzhao,2,0.00065,72809,23.82158,305643
3383,erikschul,2,0.00065,72811,23.82224,305643
3384,ersguteralbaner,2,0.00065,72813,23.82289,305643
3385,esomir,2,0.00065,72815,23.82355,305643
3386,etegan,2,0.00065,72817,23.82420,305643
3387,ethanjli,2,0.00065,72819,23.82485,305643
3388,ettoredn,2,0.00065,72821,23.82551,305643
3389,Etzos,2,0.00065,72823,23.82616,305643
3390,Eugeny,2,0.00065,72825,23.82682,305643
3391,e-user,2,0.00065,72827,23.82747,305643
3392,Ev3rdown,2,0.00065,72829,23.82813,305643
3393,EvgenyAfanasev,2,0.00065,72831,23.82878,305643
3394,EvVlF,2,0.00065,72833,23.82943,305643
3395,eyezak,2,0.00065,72835,23.83009,305643
3396,ezaluzec,2,0.00065,72837,23.83074,305643
3397,fabioluz,2,0.00065,72839,23.83140,305643
3398,faelpinho,2,0.00065,72841,23.83205,305643
3399,fajtgyo,2,0.00065,72843,23.83271,305643
3400,fancy45daddy,2,0.00065,72845,23.83336,305643
3401,Fang-Li,2,0.00065,72847,23.83402,305643
3402,fantognazza,2,0.00065,72849,23.83467,305643
3403,farnoy,2,0.00065,72851,23.83532,305643
3404,fbricon,2,0.00065,72853,23.83598,305643
3405,fdvhet,2,0.00065,72855,23.83663,305643
3406,felipecwb,2,0.00065,72857,23.83729,305643
3407,fenech,2,0.00065,72859,23.83794,305643
3408,Ferryistaken,2,0.00065,72861,23.83860,305643
3409,fightingdreamer,2,0.00065,72863,23.83925,305643
3410,finch71,2,0.00065,72865,23.83990,305643
3411,findmyname666,2,0.00065,72867,23.84056,305643
3412,findziliao,2,0.00065,72869,23.84121,305643
3413,firecat53,2,0.00065,72871,23.84187,305643
3414,flacks,2,0.00065,72873,23.84252,305643
3415,flibustier7seas,2,0.00065,72875,23.84318,305643
3416,FlipperLP,2,0.00065,72877,23.84383,305643
3417,flowejam,2,0.00065,72879,23.84449,305643
3418,fluidum,2,0.00065,72881,23.84514,305643
3419,flxmr,2,0.00065,72883,23.84579,305643
3420,fool65c,2,0.00065,72885,23.84645,305643
3421,Forceu,2,0.00065,72887,23.84710,305643
3422,foriequal0,2,0.00065,72889,23.84776,305643
3423,fpt-dylan-datnt305,2,0.00065,72891,23.84841,305643
3424,fracado,2,0.00065,72893,23.84907,305643
3425,francescobarbarulo,2,0.00065,72895,23.84972,305643
3426,franzwong,2,0.00065,72897,23.85037,305643
3427,FredPraca,2,0.00065,72899,23.85103,305643
3428,frenchesco,2,0.00065,72901,23.85168,305643
3429,friedman-ionq,2,0.00065,72903,23.85234,305643
3430,frvge,2,0.00065,72905,23.85299,305643
3431,FSMaxB-dooshop,2,0.00065,72907,23.85365,305643
3432,fuglede,2,0.00065,72909,23.85430,305643
3433,fulwang,2,0.00065,72911,23.85495,305643
3434,futuralogic,2,0.00065,72913,23.85561,305643
3435,fuzxi,2,0.00065,72915,23.85626,305643
3436,fvma01,2,0.00065,72917,23.85692,305643
3437,f-w,2,0.00065,72919,23.85757,305643
3438,fz420,2,0.00065,72921,23.85823,305643
3439,gabs79,2,0.00065,72923,23.85888,305643
3440,gbarceloPIB,2,0.00065,72925,23.85954,305643
3441,gbonnefille,2,0.00065,72927,23.86019,305643
3442,gegarcia,2,0.00065,72929,23.86084,305643
3443,geoffreysmith,2,0.00065,72931,23.86150,305643
3444,geonizeli,2,0.00065,72933,23.86215,305643
3445,geovex,2,0.00065,72935,23.86281,305643
3446,ghenry,2,0.00065,72937,23.86346,305643
3447,gilesknap,2,0.00065,72939,23.86412,305643
3448,gilfrade,2,0.00065,72941,23.86477,305643
3449,giovannipersia,2,0.00065,72943,23.86542,305643
3450,GJaminon,2,0.00065,72945,23.86608,305643
3451,glaszig,2,0.00065,72947,23.86673,305643
3452,glm-bloomreach,2,0.00065,72949,23.86739,305643
3453,Gloryandel,2,0.00065,72951,23.86804,305643
3454,gmeghnag,2,0.00065,72953,23.86870,305643
3455,gnd,2,0.00065,72955,23.86935,305643
3456,goeranu,2,0.00065,72957,23.87001,305643
3457,gokamal,2,0.00065,72959,23.87066,305643
3458,gpb88,2,0.00065,72961,23.87131,305643
3459,grantcurell,2,0.00065,72963,23.87197,305643
3460,grantral,2,0.00065,72965,23.87262,305643
3461,GregJohnStewart,2,0.00065,72967,23.87328,305643
3462,greybaron,2,0.00065,72969,23.87393,305643
3463,grunlab,2,0.00065,72971,23.87459,305643
3464,gtrani,2,0.00065,72973,23.87524,305643
3465,gurucubano,2,0.00065,72975,23.87589,305643
3466,gvalkov,2,0.00065,72977,23.87655,305643
3467,haakobja,2,0.00065,72979,23.87720,305643
3468,hadirgax,2,0.00065,72981,23.87786,305643
3469,hafu,2,0.00065,72983,23.87851,305643
3470,hakanai,2,0.00065,72985,23.87917,305643
3471,haleksandre,2,0.00065,72987,23.87982,305643
3472,hamburgerbun,2,0.00065,72989,23.88047,305643
3473,hanakawamomo,2,0.00065,72991,23.88113,305643
3474,handflucht,2,0.00065,72993,23.88178,305643
3475,hanneshauer,2,0.00065,72995,23.88244,305643
3476,hansborr,2,0.00065,72997,23.88309,305643
3477,HansVenema,2,0.00065,72999,23.88375,305643
3478,hanwen,2,0.00065,73001,23.88440,305643
3479,HarriL,2,0.00065,73003,23.88506,305643
3480,hauges,2,0.00065,73005,23.88571,305643
3481,havok4u,2,0.00065,73007,23.88636,305643
3482,hayk99,2,0.00065,73009,23.88702,305643
3483,hboetes,2,0.00065,73011,23.88767,305643
3484,hcbraun,2,0.00065,73013,23.88833,305643
3485,hcldan,2,0.00065,73015,23.88898,305643
3486,Heagan,2,0.00065,73017,23.88964,305643
3487,heapifyman,2,0.00065,73019,23.89029,305643
3488,hectoralicea,2,0.00065,73021,23.89094,305643
3489,heerener,2,0.00065,73023,23.89160,305643
3490,heidemn,2,0.00065,73025,23.89225,305643
3491,Hello71,2,0.00065,73027,23.89291,305643
3492,Heniker,2,0.00065,73029,23.89356,305643
3493,henning-schild,2,0.00065,73031,23.89422,305643
3494,henrywang,2,0.00065,73033,23.89487,305643
3495,Hergeirs,2,0.00065,73035,23.89553,305643
3496,HernandoR,2,0.00065,73037,23.89618,305643
3497,heronrs,2,0.00065,73039,23.89683,305643
3498,himanshumps,2,0.00065,73041,23.89749,305643
3499,himmatss,2,0.00065,73043,23.89814,305643
3500,hiranchaudhuri1,2,0.00065,73045,23.89880,305643
3501,Histalek,2,0.00065,73047,23.89945,305643
3502,hncrio,2,0.00065,73049,23.90011,305643
3503,holgerschurig,2,0.00065,73051,23.90076,305643
3504,hollysheep,2,0.00065,73053,23.90141,305643
3505,htcosta,2,0.00065,73055,23.90207,305643
3506,htjain,2,0.00065,73057,23.90272,305643
3507,huabin,2,0.00065,73059,23.90338,305643
3508,hzliangbin,2,0.00065,73061,23.90403,305643
3509,iamthen0ise,2,0.00065,73063,23.90469,305643
3510,ibm-mikel,2,0.00065,73065,23.90534,305643
3511,id1385,2,0.00065,73067,23.90599,305643
3512,idesk2596,2,0.00065,73069,23.90665,305643
3513,IdontKnowWhatToNameThisAccount,2,0.00065,73071,23.90730,305643
3514,ids1024,2,0.00065,73073,23.90796,305643
3515,idubrovin,2,0.00065,73075,23.90861,305643
3516,iishiishii,2,0.00065,73077,23.90927,305643
3517,ikravets,2,0.00065,73079,23.90992,305643
3518,imax9000,2,0.00065,73081,23.91058,305643
3519,inglor,2,0.00065,73083,23.91123,305643
3520,IngwiePhoenix,2,0.00065,73085,23.91188,305643
3521,intrepidvaillant,2,0.00065,73087,23.91254,305643
3522,ioanvapi,2,0.00065,73089,23.91319,305643
3523,Iolaum,2,0.00065,73091,23.91385,305643
3524,IPlayZed,2,0.00065,73093,23.91450,305643
3525,i-raise-issues,2,0.00065,73095,23.91516,305643
3526,IrosTheBeggar,2,0.00065,73097,23.91581,305643
3527,itroyano,2,0.00065,73099,23.91646,305643
3528,itsthejoker,2,0.00065,73101,23.91712,305643
3529,ivandres73,2,0.00065,73103,23.91777,305643
3530,IvantheDugtrio,2,0.00065,73105,23.91843,305643
3531,I-Want-ToBelieve,2,0.00065,73107,23.91908,305643
3532,IwanVosloo,2,0.00065,73109,23.91974,305643
3533,jakub-murin,2,0.00065,73111,23.92039,305643
3534,jameseck,2,0.00065,73113,23.92105,305643
3535,jamshid,2,0.00065,73115,23.92170,305643
3536,jangel97,2,0.00065,73117,23.92235,305643
3537,jankatins,2,0.00065,73119,23.92301,305643
3538,janosmiko,2,0.00065,73121,23.92366,305643
3539,jan-xyz,2,0.00065,73123,23.92432,305643
3540,javierlga,2,0.00065,73125,23.92497,305643
3541,jaydorsey,2,0.00065,73127,23.92563,305643
3542,jbertozzi,2,0.00065,73129,23.92628,305643
3543,jbg,2,0.00065,73131,23.92693,305643
3544,jbwyatt4,2,0.00065,73133,23.92759,305643
3545,JConophy,2,0.00065,73135,23.92824,305643
3546,jcorbin,2,0.00065,73137,23.92890,305643
3547,jcuffe,2,0.00065,73139,23.92955,305643
3548,jdgalvin,2,0.00065,73141,23.93021,305643
3549,jdvorak001,2,0.00065,73143,23.93086,305643
3550,jeancf,2,0.00065,73145,23.93151,305643
3551,jedieaston,2,0.00065,73147,23.93217,305643
3552,jedla97,2,0.00065,73149,23.93282,305643
3553,jedthe3rd,2,0.00065,73151,23.93348,305643
3554,jeffcbecker,2,0.00065,73153,23.93413,305643
3555,jeffreybreen,2,0.00065,73155,23.93479,305643
3556,jeffrson,2,0.00065,73157,23.93544,305643
3557,jelber2,2,0.00065,73159,23.93610,305643
3558,jenifera0110,2,0.00065,73161,23.93675,305643
3559,jenschurchill,2,0.00065,73163,23.93740,305643
3560,jerdna-regeiz,2,0.00065,73165,23.93806,305643
3561,jerrykan,2,0.00065,73167,23.93871,305643
3562,jess-sol,2,0.00065,73169,23.93937,305643
3563,JewgeniT,2,0.00065,73171,23.94002,305643
3564,jgforbes,2,0.00065,73173,23.94068,305643
3565,jgowdy,2,0.00065,73175,23.94133,305643
3566,jgperin,2,0.00065,73177,23.94198,305643
3567,jguady,2,0.00065,73179,23.94264,305643
3568,jh-cd,2,0.00065,73181,23.94329,305643
3569,jhit,2,0.00065,73183,23.94395,305643
3570,jhutar,2,0.00065,73185,23.94460,305643
3571,jkemp814,2,0.00065,73187,23.94526,305643
3572,JKHSDTV,2,0.00065,73189,23.94591,305643
3573,jlhk8138,2,0.00065,73191,23.94657,305643
3574,jloewe,2,0.00065,73193,23.94722,305643
3575,jmaris,2,0.00065,73195,23.94787,305643
3576,jmccann,2,0.00065,73197,23.94853,305643
3577,Jmennius,2,0.00065,73199,23.94918,305643
3578,jmou,2,0.00065,73201,23.94984,305643
3579,jmtd,2,0.00065,73203,23.95049,305643
3580,jnach,2,0.00065,73205,23.95115,305643
3581,joachimBurket,2,0.00065,73207,23.95180,305643
3582,joes,2,0.00065,73209,23.95245,305643
3583,JohannesBeck,2,0.00065,73211,23.95311,305643
3584,johanvdw,2,0.00065,73213,23.95376,305643
3585,JohnMaguire,2,0.00065,73215,23.95442,305643
3586,jolyons123,2,0.00065,73217,23.95507,305643
3587,Jomy10,2,0.00065,73219,23.95573,305643
3588,jonasbartho,2,0.00065,73221,23.95638,305643
3589,JonathanRRogers,2,0.00065,73223,23.95703,305643
3590,jonikkone,2,0.00065,73225,23.95769,305643
3591,JorgeHernandezRamirez,2,0.00065,73227,23.95834,305643
3592,josephbharrison,2,0.00065,73229,23.95900,305643
3593,Joseph-D-Bradshaw,2,0.00065,73231,23.95965,305643
3594,josepheiba,2,0.00065,73233,23.96031,305643
3595,jose-pr,2,0.00065,73235,23.96096,305643
3596,josh-coderpad,2,0.00065,73237,23.96162,305643
3597,joshgc,2,0.00065,73239,23.96227,305643
3598,josh-m-sharpe,2,0.00065,73241,23.96292,305643
3599,JosVerheij,2,0.00065,73243,23.96358,305643
3600,jpace121,2,0.00065,73245,23.96423,305643
3601,jpolara2016,2,0.00065,73247,23.96489,305643
3602,jre21,2,0.00065,73249,23.96554,305643
3603,jrko,2,0.00065,73251,23.96620,305643
3604,jschintag,2,0.00065,73253,23.96685,305643
3605,jshah04,2,0.00065,73255,23.96750,305643
3606,jsm84,2,0.00065,73257,23.96816,305643
3607,jsparter,2,0.00065,73259,23.96881,305643
3608,jspc,2,0.00065,73261,23.96947,305643
3609,juanje,2,0.00065,73263,23.97012,305643
3610,julioln,2,0.00065,73265,23.97078,305643
3611,juliu-s,2,0.00065,73267,23.97143,305643
3612,junli-lyft,2,0.00065,73269,23.97209,305643
3613,jurf,2,0.00065,73271,23.97274,305643
3614,justinreddick,2,0.00065,73273,23.97339,305643
3615,JustKiddingCode,2,0.00065,73275,23.97405,305643
3616,juur,2,0.00065,73277,23.97470,305643
3617,jyxjjj,2,0.00065,73279,23.97536,305643
3618,jzb,2,0.00065,73281,23.97601,305643
3619,k19810703,2,0.00065,73283,23.97667,305643
3620,k1rb,2,0.00065,73285,23.97732,305643
3621,kalvdans,2,0.00065,73287,23.97797,305643
3622,Kampfmoehre,2,0.00065,73289,23.97863,305643
3623,kanielrkirby,2,0.00065,73291,23.97928,305643
3624,Karreg,2,0.00065,73293,23.97994,305643
3625,Karsten7,2,0.00065,73295,23.98059,305643
3626,kashish19,2,0.00065,73297,23.98125,305643
3627,katexochen,2,0.00065,73299,23.98190,305643
3628,kayhayen,2,0.00065,73301,23.98255,305643
3629,kcboyle,2,0.00065,73303,23.98321,305643
3630,KDMichaelis,2,0.00065,73305,23.98386,305643
3631,kenmoini,2,0.00065,73307,23.98452,305643
3632,kennywest,2,0.00065,73309,23.98517,305643
3633,keturn,2,0.00065,73311,23.98583,305643
3634,kgfathur,2,0.00065,73313,23.98648,305643
3635,KhalilSantana,2,0.00065,73315,23.98714,305643
3636,kirbyfan64,2,0.00065,73317,23.98779,305643
3637,kishorekumar-anchala,2,0.00065,73319,23.98844,305643
3638,kkharji,2,0.00065,73321,23.98910,305643
3639,klautcomputing,2,0.00065,73323,23.98975,305643
3640,kleinweby,2,0.00065,73325,23.99041,305643
3641,kmahyyg,2,0.00065,73327,23.99106,305643
3642,kmichel-aiven,2,0.00065,73329,23.99172,305643
3643,koddr,2,0.00065,73331,23.99237,305643
3644,koen-serneels,2,0.00065,73333,23.99302,305643
3645,kofalt,2,0.00065,73335,23.99368,305643
3646,Koncpa,2,0.00065,73337,23.99433,305643
3647,kousui-dev,2,0.00065,73339,23.99499,305643
3648,KoxSosen,2,0.00065,73341,23.99564,305643
3649,kponichtera,2,0.00065,73343,23.99630,305643
3650,krachynski,2,0.00065,73345,23.99695,305643
3651,kraftreich,2,0.00065,73347,23.99761,305643
3652,kragil,2,0.00065,73349,23.99826,305643
3653,kristofer-lp8f,2,0.00065,73351,23.99891,305643
3654,kscheitt,2,0.00065,73353,23.99957,305643
3655,ksl28,2,0.00065,73355,24.00022,305643
3656,ksonj,2,0.00065,73357,24.00088,305643
3657,kspendli,2,0.00065,73359,24.00153,305643
3658,ktram,2,0.00065,73361,24.00219,305643
3659,kurtismullins,2,0.00065,73363,24.00284,305643
3660,kwon14,2,0.00065,73365,24.00349,305643
3661,l0r1s,2,0.00065,73367,24.00415,305643
3662,lainwir3d,2,0.00065,73369,24.00480,305643
3663,lakkeger,2,0.00065,73371,24.00546,305643
3664,lambdaknight,2,0.00065,73373,24.00611,305643
3665,laminy,2,0.00065,73375,24.00677,305643
3666,lancew-q,2,0.00065,73377,24.00742,305643
3667,lanctot,2,0.00065,73379,24.00807,305643
3668,landgraf,2,0.00065,73381,24.00873,305643
3669,larssped,2,0.00065,73383,24.00938,305643
3670,laserK3000,2,0.00065,73385,24.01004,305643
3671,lawsonjl-ornl,2,0.00065,73387,24.01069,305643
3672,lazarillo,2,0.00065,73389,24.01135,305643
3673,lbrigmanArris,2,0.00065,73391,24.01200,305643
3674,lclc,2,0.00065,73393,24.01266,305643
3675,lefinal,2,0.00065,73395,24.01331,305643
3676,legobeat,2,0.00065,73397,24.01396,305643
3677,lemniskett,2,0.00065,73399,24.01462,305643
3678,lenticularis39,2,0.00065,73401,24.01527,305643
3679,lestex,2,0.00065,73403,24.01593,305643
3680,lethargosapatheia,2,0.00065,73405,24.01658,305643
3681,lethedata,2,0.00065,73407,24.01724,305643
3682,lex-ibm,2,0.00065,73409,24.01789,305643
3683,LexNetAT,2,0.00065,73411,24.01854,305643
3684,lingdie,2,0.00065,73413,24.01920,305643
3685,lioutall,2,0.00065,73415,24.01985,305643
3686,lisa-lt,2,0.00065,73417,24.02051,305643
3687,liuxuc63,2,0.00065,73419,24.02116,305643
3688,liuycsd,2,0.00065,73421,24.02182,305643
3689,livingsilver94,2,0.00065,73423,24.02247,305643
3690,liviu-vasut,2,0.00065,73425,24.02313,305643
3691,LKajan,2,0.00065,73427,24.02378,305643
3692,llunved,2,0.00065,73429,24.02443,305643
3693,lnicola,2,0.00065,73431,24.02509,305643
3694,locaIhost,2,0.00065,73433,24.02574,305643
3695,lockcrocodilegiraffe,2,0.00065,73435,24.02640,305643
3696,logan064,2,0.00065,73437,24.02705,305643
3697,loganmzz,2,0.00065,73439,24.02771,305643
3698,lolli42,2,0.00065,73441,24.02836,305643
3699,lolllpop,2,0.00065,73443,24.02901,305643
3700,LordPraslea,2,0.00065,73445,24.02967,305643
3701,Louis9902,2,0.00065,73447,24.03032,305643
3702,lowang-bh,2,0.00065,73449,24.03098,305643
3703,loxal,2,0.00065,73451,24.03163,305643
3704,lpe110,2,0.00065,73453,24.03229,305643
3705,LucaCappelletti94,2,0.00065,73455,24.03294,305643
3706,lucasbaile,2,0.00065,73457,24.03359,305643
3707,lucasjl,2,0.00065,73459,24.03425,305643
3708,lucendio,2,0.00065,73461,24.03490,305643
3709,luisdanielmesa,2,0.00065,73463,24.03556,305643
3710,lukasonokoleg,2,0.00065,73465,24.03621,305643
3711,lukas-vlcek,2,0.00065,73467,24.03687,305643
3712,lukuta,2,0.00065,73469,24.03752,305643
3713,lunik1,2,0.00065,73471,24.03818,305643
3714,LuvsicYue,2,0.00065,73473,24.03883,305643
3715,lxg,2,0.00065,73475,24.03948,305643
3716,lylebrown,2,0.00065,73477,24.04014,305643
3717,lz006,2,0.00065,73479,24.04079,305643
3718,lzmihoubi,2,0.00065,73481,24.04145,305643
3719,m8ram,2,0.00065,73483,24.04210,305643
3720,mabachel,2,0.00065,73485,24.04276,305643
3721,maclean,2,0.00065,73487,24.04341,305643
3722,madhub,2,0.00065,73489,24.04406,305643
3723,MadMud,2,0.00065,73491,24.04472,305643
3724,mageweaver,2,0.00065,73493,24.04537,305643
3725,MagicRB,2,0.00065,73495,24.04603,305643
3726,maleadt,2,0.00065,73497,24.04668,305643
3727,malikumaliku,2,0.00065,73499,24.04734,305643
3728,mamuf,2,0.00065,73501,24.04799,305643
3729,Manik2708,2,0.00065,73503,24.04864,305643
3730,manofthepeace,2,0.00065,73505,24.04930,305643
3731,manveru,2,0.00065,73507,24.04995,305643
3732,marcelovital,2,0.00065,73509,24.05061,305643
3733,marchandfab,2,0.00065,73511,24.05126,305643
3734,marcoblos,2,0.00065,73513,24.05192,305643
3735,marcosstefani,2,0.00065,73515,24.05257,305643
3736,mario-demontis-inpeco,2,0.00065,73517,24.05323,305643
3737,markfaine,2,0.00065,73519,24.05388,305643
3738,markg85,2,0.00065,73521,24.05453,305643
3739,MarkoH17,2,0.00065,73523,24.05519,305643
3740,MartinEmrich,2,0.00065,73525,24.05584,305643
3741,MartinSoto,2,0.00065,73527,24.05650,305643
3742,mashuai191,2,0.00065,73529,24.05715,305643
3743,Mastermjr,2,0.00065,73531,24.05781,305643
3744,matbennion,2,0.00065,73533,24.05846,305643
3745,MathieuMoalic,2,0.00065,73535,24.05911,305643
3746,matt314,2,0.00065,73537,24.05977,305643
3747,matteosilv,2,0.00065,73539,24.06042,305643
3748,mattjohnson,2,0.00065,73541,24.06108,305643
3749,mattxtaz,2,0.00065,73543,24.06173,305643
3750,maxice8,2,0.00065,73545,24.06239,305643
3751,MaximilianGaedig,2,0.00065,73547,24.06304,305643
3752,maximiliankolb,2,0.00065,73549,24.06370,305643
3753,maxim-rapidapi,2,0.00065,73551,24.06435,305643
3754,maximsmol,2,0.00065,73553,24.06500,305643
3755,MayCXC,2,0.00065,73555,24.06566,305643
3756,mayurah,2,0.00065,73557,24.06631,305643
3757,mbhangui,2,0.00065,73559,24.06697,305643
3758,mbleichner,2,0.00065,73561,24.06762,305643
3759,mcejp,2,0.00065,73563,24.06828,305643
3760,mcg1969,2,0.00065,73565,24.06893,305643
3761,McLaynV,2,0.00065,73567,24.06958,305643
3762,mdavidsaver,2,0.00065,73569,24.07024,305643
3763,mderoy,2,0.00065,73571,24.07089,305643
3764,mdhirt,2,0.00065,73573,24.07155,305643
3765,mdraijer,2,0.00065,73575,24.07220,305643
3766,mduft,2,0.00065,73577,24.07286,305643
3767,mech-pig,2,0.00065,73579,24.07351,305643
3768,MehdiSellamiAdministrator,2,0.00065,73581,24.07416,305643
3769,Melykuti,2,0.00065,73583,24.07482,305643
3770,mgab,2,0.00065,73585,24.07547,305643
3771,mgoerens,2,0.00065,73587,24.07613,305643
3772,mgrabovsky,2,0.00065,73589,24.07678,305643
3773,MiaoXiaoTao,2,0.00065,73591,24.07744,305643
3774,michaelmejaeger,2,0.00065,73593,24.07809,305643
3775,michaels0184,2,0.00065,73595,24.07875,305643
3776,michael-sabrnak-swi,2,0.00065,73597,24.07940,305643
3777,michaelvanstraten,2,0.00065,73599,24.08005,305643
3778,mick1627,2,0.00065,73601,24.08071,305643
3779,mig4,2,0.00065,73603,24.08136,305643
3780,miguele,2,0.00065,73605,24.08202,305643
3781,mihalyr,2,0.00065,73607,24.08267,305643
3782,miheinr,2,0.00065,73609,24.08333,305643
3783,mikea,2,0.00065,73611,24.08398,305643
3784,mikeatlas,2,0.00065,73613,24.08463,305643
3785,mikewilks,2,0.00065,73615,24.08529,305643
3786,MikeYermolayev,2,0.00065,73617,24.08594,305643
3787,mikeymop,2,0.00065,73619,24.08660,305643
3788,mikhey,2,0.00065,73621,24.08725,305643
3789,miladfarca,2,0.00065,73623,24.08791,305643
3790,milenkovicm,2,0.00065,73625,24.08856,305643
3791,mind-mind,2,0.00065,73627,24.08922,305643
3792,mindovermiles262,2,0.00065,73629,24.08987,305643
3793,mingkui,2,0.00065,73631,24.09052,305643
3794,MingliuYan,2,0.00065,73633,24.09118,305643
3795,minioin,2,0.00065,73635,24.09183,305643
3796,miopp2,2,0.00065,73637,24.09249,305643
3797,mixedCase,2,0.00065,73639,24.09314,305643
3798,miyao-kota,2,0.00065,73641,24.09380,305643
3799,mjgkeele,2,0.00065,73643,24.09445,305643
3800,mkarwin,2,0.00065,73645,24.09510,305643
3801,m-kn,2,0.00065,73647,24.09576,305643
3802,mkonzal,2,0.00065,73649,24.09641,305643
3803,mlinnalampi,2,0.00065,73651,24.09707,305643
3804,mlmoses,2,0.00065,73653,24.09772,305643
3805,mlschroe,2,0.00065,73655,24.09838,305643
3806,mmalina,2,0.00065,73657,24.09903,305643
3807,mmokrejs,2,0.00065,73659,24.09968,305643
3808,mobidyc,2,0.00065,73661,24.10034,305643
3809,mohaa7,2,0.00065,73663,24.10099,305643
3810,Mohamed-Abubucker,2,0.00065,73665,24.10165,305643
3811,monken,2,0.00065,73667,24.10230,305643
3812,moooeeeep,2,0.00065,73669,24.10296,305643
3813,mordae,2,0.00065,73671,24.10361,305643
3814,moschroe,2,0.00065,73673,24.10427,305643
3815,MoteHue,2,0.00065,73675,24.10492,305643
3816,mqus,2,0.00065,73677,24.10557,305643
3817,mr700,2,0.00065,73679,24.10623,305643
3818,mrbrandao,2,0.00065,73681,24.10688,305643
3819,MRDGH2821,2,0.00065,73683,24.10754,305643
3820,mreilaender,2,0.00065,73685,24.10819,305643
3821,mrexodia,2,0.00065,73687,24.10885,305643
3822,mrgleeco,2,0.00065,73689,24.10950,305643
3823,MrPippin66,2,0.00065,73691,24.11015,305643
3824,mryo0826,2,0.00065,73693,24.11081,305643
3825,msandres13,2,0.00065,73695,24.11146,305643
3826,mstublic,2,0.00065,73697,24.11212,305643
3827,MTRNord,2,0.00065,73699,24.11277,305643
3828,mukulk2020,2,0.00065,73701,24.11343,305643
3829,murolem,2,0.00065,73703,24.11408,305643
3830,musiguello,2,0.00065,73705,24.11474,305643
3831,muzammil786,2,0.00065,73707,24.11539,305643
3832,mvalvekensCET,2,0.00065,73709,24.11604,305643
3833,mvollmer,2,0.00065,73711,24.11670,305643
3834,mwq,2,0.00065,73713,24.11735,305643
3835,mzarnowski,2,0.00065,73715,24.11801,305643
3836,n1603,2,0.00065,73717,24.11866,305643
3837,n35k3nd1r,2,0.00065,73719,24.11932,305643
3838,NahlaElMaraashly,2,0.00065,73721,24.11997,305643
3839,NathanaelGandhi,2,0.00065,73723,24.12062,305643
3840,nburlett,2,0.00065,73725,24.12128,305643
3841,ndavids-msft,2,0.00065,73727,24.12193,305643
3842,neils-ibm,2,0.00065,73729,24.12259,305643
3843,NEKO-JOJUK,2,0.00065,73731,24.12324,305643
3844,Nemykal,2,0.00065,73733,24.12390,305643
3845,netsandbox,2,0.00065,73735,24.12455,305643
3846,networkRob,2,0.00065,73737,24.12520,305643
3847,Nezteb,2,0.00065,73739,24.12586,305643
3848,n-hass,2,0.00065,73741,24.12651,305643
3849,nhat416,2,0.00065,73743,24.12717,305643
3850,nhojjohn,2,0.00065,73745,24.12782,305643
3851,nickiemc,2,0.00065,73747,24.12848,305643
3852,NickSica,2,0.00065,73749,24.12913,305643
3853,nifoc,2,0.00065,73751,24.12979,305643
3854,NikitaKharkov,2,0.00065,73753,24.13044,305643
3855,niklasfi,2,0.00065,73755,24.13109,305643
3856,Nilegfx,2,0.00065,73757,24.13175,305643
3857,nils-ballmann,2,0.00065,73759,24.13240,305643
3858,nitezs,2,0.00065,73761,24.13306,305643
3859,nl-brett-stime,2,0.00065,73763,24.13371,305643
3860,nmcglohon,2,0.00065,73765,24.13437,305643
3861,nmirzayev,2,0.00065,73767,24.13502,305643
3862,NobodyXu,2,0.00065,73769,24.13567,305643
3863,nogweii,2,0.00065,73771,24.13633,305643
3864,nonetrix,2,0.00065,73773,24.13698,305643
3865,noritada,2,0.00065,73775,24.13764,305643
3866,novak-services,2,0.00065,73777,24.13829,305643
3867,nranudeep1990,2,0.00065,73779,24.13895,305643
3868,nrdxp,2,0.00065,73781,24.13960,305643
3869,nullfs,2,0.00065,73783,24.14026,305643
3870,nvllsvm,2,0.00065,73785,24.14091,305643
3871,nzineer,2,0.00065,73787,24.14156,305643
3872,obarisk,2,0.00065,73789,24.14222,305643
3873,oblutak,2,0.00065,73791,24.14287,305643
3874,ocofon,2,0.00065,73793,24.14353,305643
3875,octavei,2,0.00065,73795,24.14418,305643
3876,ogajduse,2,0.00065,73797,24.14484,305643
3877,ohhappy1986,2,0.00065,73799,24.14549,305643
3878,oklimberg,2,0.00065,73801,24.14614,305643
3879,olee,2,0.00065,73803,24.14680,305643
3880,olehermanse,2,0.00065,73805,24.14745,305643
3881,olichtne,2,0.00065,73807,24.14811,305643
3882,oliversalzburg,2,0.00065,73809,24.14876,305643
3883,olivier-m,2,0.00065,73811,24.14942,305643
3884,olologin,2,0.00065,73813,24.15007,305643
3885,omer2500,2,0.00065,73815,24.15072,305643
3886,omkarkhatavkar,2,0.00065,73817,24.15138,305643
3887,OOPMan,2,0.00065,73819,24.15203,305643
3888,ooraini,2,0.00065,73821,24.15269,305643
3889,open-antux,2,0.00065,73823,24.15334,305643
3890,orangutanga,2,0.00065,73825,24.15400,305643
3891,Or-Geva,2,0.00065,73827,24.15465,305643
3892,Orionx86,2,0.00065,73829,24.15531,305643
3893,ormandj,2,0.00065,73831,24.15596,305643
3894,orzen,2,0.00065,73833,24.15661,305643
3895,oscni,2,0.00065,73835,24.15727,305643
3896,Otmane-Guo,2,0.00065,73837,24.15792,305643
3897,OZZlE,2,0.00065,73839,24.15858,305643
3898,panfuy,2,0.00065,73841,24.15923,305643
3899,panlinux,2,0.00065,73843,24.15989,305643
3900,Panlq,2,0.00065,73845,24.16054,305643
3901,panoc1,2,0.00065,73847,24.16119,305643
3902,paraggit,2,0.00065,73849,24.16185,305643
3903,parkervcp,2,0.00065,73851,24.16250,305643
3904,paroque28,2,0.00065,73853,24.16316,305643
3905,Parthiba-Hazra,2,0.00065,73855,24.16381,305643
3906,pascalott,2,0.00065,73857,24.16447,305643
3907,patrickbkr,2,0.00065,73859,24.16512,305643
3908,Patrick-Hogan,2,0.00065,73861,24.16578,305643
3909,paulftw,2,0.00065,73863,24.16643,305643
3910,paulmillar,2,0.00065,73865,24.16708,305643
3911,paulrenn67,2,0.00065,73867,24.16774,305643
3912,pcahyna,2,0.00065,73869,24.16839,305643
3913,pchambre,2,0.00065,73871,24.16905,305643
3914,pcnreddy,2,0.00065,73873,24.16970,305643
3915,pcrosemurgy,2,0.00065,73875,24.17036,305643
3916,pdostal,2,0.00065,73877,24.17101,305643
3917,peer2peer,2,0.00065,73879,24.17166,305643
3918,PeeZu,2,0.00065,73881,24.17232,305643
3919,pepipho,2,0.00065,73883,24.17297,305643
3920,peterth3,2,0.00065,73885,24.17363,305643
3921,petr-ujezdsky,2,0.00065,73887,24.17428,305643
3922,Peyman-Borhani,2,0.00065,73889,24.17494,305643
3923,pgillich,2,0.00065,73891,24.17559,305643
3924,phake24,2,0.00065,73893,24.17624,305643
3925,phandox,2,0.00065,73895,24.17690,305643
3926,PHHENS,2,0.00065,73897,24.17755,305643
3927,philipp-rosenkranz-form3,2,0.00065,73899,24.17821,305643
3928,philipsd6,2,0.00065,73901,24.17886,305643
3929,phlummox,2,0.00065,73903,24.17952,305643
3930,phvajjha,2,0.00065,73905,24.18017,305643
3931,piax93,2,0.00065,73907,24.18083,305643
3932,pipern,2,0.00065,73909,24.18148,305643
3933,pirafrank,2,0.00065,73911,24.18213,305643
3934,Pit95,2,0.00065,73913,24.18279,305643
3935,pjknkda,2,0.00065,73915,24.18344,305643
3936,pjstirling,2,0.00065,73917,24.18410,305643
3937,plagov,2,0.00065,73919,24.18475,305643
3938,playXE,2,0.00065,73921,24.18541,305643
3939,plessbd,2,0.00065,73923,24.18606,305643
3940,pliniogsnascimento,2,0.00065,73925,24.18671,305643
3941,pnnlrck8sstatus,2,0.00065,73927,24.18737,305643
3942,podleaper,2,0.00065,73929,24.18802,305643
3943,pojoguy,2,0.00065,73931,24.18868,305643
3944,porjo,2,0.00065,73933,24.18933,305643
3945,pragmatiker,2,0.00065,73935,24.18999,305643
3946,pratclot,2,0.00065,73937,24.19064,305643
3947,prayingmantis287,2,0.00065,73939,24.19130,305643
3948,prb112,2,0.00065,73941,24.19195,305643
3949,prof7bit,2,0.00065,73943,24.19260,305643
3950,psegedy,2,0.00065,73945,24.19326,305643
3951,Puiu,2,0.00065,73947,24.19391,305643
3952,purofle,2,0.00065,73949,24.19457,305643
3953,pushpi55,2,0.00065,73951,24.19522,305643
3954,pycloux,2,0.00065,73953,24.19588,305643
3955,pzmarzly,2,0.00065,73955,24.19653,305643
3956,QGB,2,0.00065,73957,24.19718,305643
3957,quinn,2,0.00065,73959,24.19784,305643
3958,quochoangnguyen,2,0.00065,73961,24.19849,305643
3959,quulah,2,0.00065,73963,24.19915,305643
3960,Qwarctick,2,0.00065,73965,24.19980,305643
3961,rafaeltuelho,2,0.00065,73967,24.20046,305643
3962,rafasc,2,0.00065,73969,24.20111,305643
3963,raghavgh,2,0.00065,73971,24.20176,305643
3964,rahulbtchrya,2,0.00065,73973,24.20242,305643
3965,rahulsundaram,2,0.00065,73975,24.20307,305643
3966,raist246,2,0.00065,73977,24.20373,305643
3967,ramonmoraes8080,2,0.00065,73979,24.20438,305643
3968,ran-dall,2,0.00065,73981,24.20504,305643
3969,randchoice,2,0.00065,73983,24.20569,305643
3970,rarguello,2,0.00065,73985,24.20635,305643
3971,rasmusory,2,0.00065,73987,24.20700,305643
3972,raspy,2,0.00065,73989,24.20765,305643
3973,ratermir,2,0.00065,73991,24.20831,305643
3974,raukadah,2,0.00065,73993,24.20896,305643
3975,ravikhetani,2,0.00065,73995,24.20962,305643
3976,rbertoche,2,0.00065,73997,24.21027,305643
3977,rcannood,2,0.00065,73999,24.21093,305643
3978,rchristman89,2,0.00065,74001,24.21158,305643
3979,reenberg,2,0.00065,74003,24.21223,305643
3980,relrod,2,0.00065,74005,24.21289,305643
3981,remivoirin,2,0.00065,74007,24.21354,305643
3982,reo-1963,2,0.00065,74009,24.21420,305643
3983,replicajune,2,0.00065,74011,24.21485,305643
3984,rffontenelle,2,0.00065,74013,24.21551,305643
3985,rhwood,2,0.00065,74015,24.21616,305643
3986,richardfontana,2,0.00065,74017,24.21682,305643
3987,richardissimo,2,0.00065,74019,24.21747,305643
3988,richiedaze,2,0.00065,74021,24.21812,305643
3989,richlanc,2,0.00065,74023,24.21878,305643
3990,Rickaro,2,0.00065,74025,24.21943,305643
3991,Rietty,2,0.00065,74027,24.22009,305643
3992,rim99,2,0.00065,74029,24.22074,305643
3993,RishiWadhwa,2,0.00065,74031,24.22140,305643
3994,ritesh,2,0.00065,74033,24.22205,305643
3995,rj-gp,2,0.00065,74035,24.22270,305643
3996,rmallam,2,0.00065,74037,24.22336,305643
3997,rmarchei,2,0.00065,74039,24.22401,305643
3998,roberth,2,0.00065,74041,24.22467,305643
3999,robin-a-meade,2,0.00065,74043,24.22532,305643
4000,robjmorrissey,2,0.00065,74045,24.22598,305643
4001,robtail,2,0.00065,74047,24.22663,305643
4002,rodgarrison,2,0.00065,74049,24.22728,305643
4003,rodolfocerezo,2,0.00065,74051,24.22794,305643
4004,rokiden,2,0.00065,74053,24.22859,305643
4005,romanrev,2,0.00065,74055,24.22925,305643
4006,RonnyPfannschmidt,2,0.00065,74057,24.22990,305643
4007,royteeuwen,2,0.00065,74059,24.23056,305643
4008,roy-work,2,0.00065,74061,24.23121,305643
4009,rquinio1A,2,0.00065,74063,24.23187,305643
4010,rsuplina,2,0.00065,74065,24.23252,305643
4011,rtritto,2,0.00065,74067,24.23317,305643
4012,ruabmbua,2,0.00065,74069,24.23383,305643
4013,rudolpho1,2,0.00065,74071,24.23448,305643
4014,rupert160,2,0.00065,74073,24.23514,305643
4015,ruraldekay,2,0.00065,74075,24.23579,305643
4016,rwmajor2,2,0.00065,74077,24.23645,305643
4017,rxda,2,0.00065,74079,24.23710,305643
4018,ryannix123,2,0.00065,74081,24.23775,305643
4019,RyanOakes,2,0.00065,74083,24.23841,305643
4020,samsaket7,2,0.00065,74085,24.23906,305643
4021,SamyCoenen,2,0.00065,74087,24.23972,305643
4022,sanderc85,2,0.00065,74089,24.24037,305643
4023,sandip-bhoi-od,2,0.00065,74091,24.24103,305643
4024,sandorex,2,0.00065,74093,24.24168,305643
4025,sanjayts,2,0.00065,74095,24.24234,305643
4026,sarcasticadmin,2,0.00065,74097,24.24299,305643
4027,sarim,2,0.00065,74099,24.24364,305643
4028,sarmahaj,2,0.00065,74101,24.24430,305643
4029,sarming,2,0.00065,74103,24.24495,305643
4030,sasha-alias,2,0.00065,74105,24.24561,305643
4031,sbmthakur,2,0.00065,74107,24.24626,305643
4032,schaerfo,2,0.00065,74109,24.24692,305643
4033,schewara,2,0.00065,74111,24.24757,305643
4034,schneems,2,0.00065,74113,24.24822,305643
4035,scnas,2,0.00065,74115,24.24888,305643
4036,scottrudy,2,0.00065,74117,24.24953,305643
4037,ScrambledBrain,2,0.00065,74119,24.25019,305643
4038,seanmars,2,0.00065,74121,24.25084,305643
4039,seanybaggins,2,0.00065,74123,24.25150,305643
4040,sebrandon1,2,0.00065,74125,24.25215,305643
4041,senpro-ingwersenk,2,0.00065,74127,24.25280,305643
4042,sepulvedablanco,2,0.00065,74129,24.25346,305643
4043,sergeiwaigant,2,0.00065,74131,24.25411,305643
4044,sethjones,2,0.00065,74133,24.25477,305643
4045,SevereOverfl0w,2,0.00065,74135,24.25542,305643
4046,sg2342,2,0.00065,74137,24.25608,305643
4047,sghosh151,2,0.00065,74139,24.25673,305643
4048,Shadow8472,2,0.00065,74141,24.25739,305643
4049,shadowghost79,2,0.00065,74143,24.25804,305643
4050,shankarpnsn,2,0.00065,74145,24.25869,305643
4051,shaunography,2,0.00065,74147,24.25935,305643
4052,shawnweeks,2,0.00065,74149,24.26000,305643
4053,shenpengfeng,2,0.00065,74151,24.26066,305643
4054,Sher-Chowdhury,2,0.00065,74153,24.26131,305643
4055,sherif84,2,0.00065,74155,24.26197,305643
4056,Sheroune,2,0.00065,74157,24.26262,305643
4057,shine-fire,2,0.00065,74159,24.26327,305643
4058,shivarammysore,2,0.00065,74161,24.26393,305643
4059,shlevy,2,0.00065,74163,24.26458,305643
4060,shoeper,2,0.00065,74165,24.26524,305643
4061,shoffmeister,2,0.00065,74167,24.26589,305643
4062,shortcipher3,2,0.00065,74169,24.26655,305643
4063,ShyamBhattacharyya,2,0.00065,74171,24.26720,305643
4064,sibidass,2,0.00065,74173,24.26785,305643
4065,siteshwar,2,0.00065,74175,24.26851,305643
4066,Siythrun,2,0.00065,74177,24.26916,305643
4067,sjdrc,2,0.00065,74179,24.26982,305643
4068,skateman,2,0.00065,74181,24.27047,305643
4069,skeggr,2,0.00065,74183,24.27113,305643
4070,skerit,2,0.00065,74185,24.27178,305643
4071,skoppe,2,0.00065,74187,24.27244,305643
4072,SmartFinn,2,0.00065,74189,24.27309,305643
4073,smartin015,2,0.00065,74191,24.27374,305643
4074,smokeyhallow,2,0.00065,74193,24.27440,305643
4075,solopasha,2,0.00065,74195,24.27505,305643
4076,spali,2,0.00065,74197,24.27571,305643
4077,sparkwj,2,0.00065,74199,24.27636,305643
4078,specter119,2,0.00065,74201,24.27702,305643
4079,speedbunny,2,0.00065,74203,24.27767,305643
4080,spikymonkey,2,0.00065,74205,24.27832,305643
4081,spillay63,2,0.00065,74207,24.27898,305643
4082,SquidDev,2,0.00065,74209,24.27963,305643
4083,sreich,2,0.00065,74211,24.28029,305643
4084,srk12318,2,0.00065,74213,24.28094,305643
4085,sshaaf,2,0.00065,74215,24.28160,305643
4086,ssli08,2,0.00065,74217,24.28225,305643
4087,ssorce,2,0.00065,74219,24.28291,305643
4088,StanEgo,2,0.00065,74221,24.28356,305643
4089,stanltam,2,0.00065,74223,24.28421,305643
4090,ST-Apps,2,0.00065,74225,24.28487,305643
4091,stbischof,2,0.00065,74227,24.28552,305643
4092,StefanHerget,2,0.00065,74229,24.28618,305643
4093,StephenWithPH,2,0.00065,74231,24.28683,305643
4094,sthysel,2,0.00065,74233,24.28749,305643
4095,stilwelb,2,0.00065,74235,24.28814,305643
4096,sttyerase,2,0.00065,74237,24.28879,305643
4097,stuartm,2,0.00065,74239,24.28945,305643
4098,stuarts-graphcore,2,0.00065,74241,24.29010,305643
4099,sudoforge,2,0.00065,74243,24.29076,305643
4100,sudoman,2,0.00065,74245,24.29141,305643
4101,superego,2,0.00065,74247,24.29207,305643
4102,SuperFluffy,2,0.00065,74249,24.29272,305643
4103,superseby2,2,0.00065,74251,24.29337,305643
4104,surendrababuravella,2,0.00065,74253,24.29403,305643
4105,SuriMarks,2,0.00065,74255,24.29468,305643
4106,svelez,2,0.00065,74257,24.29534,305643
4107,swaragade,2,0.00065,74259,24.29599,305643
4108,SweeneyTom,2,0.00065,74261,24.29665,305643
4109,swestersund,2,0.00065,74263,24.29730,305643
4110,swizardlv,2,0.00065,74265,24.29796,305643
4111,Sydius,2,0.00065,74267,24.29861,305643
4112,sylencecc,2,0.00065,74269,24.29926,305643
4113,t3r6,2,0.00065,74271,24.29992,305643
4114,tabic,2,0.00065,74273,24.30057,305643
4115,tamas-laczko,2,0.00065,74275,24.30123,305643
4116,tarilabs,2,0.00065,74277,24.30188,305643
4117,tarjei,2,0.00065,74279,24.30254,305643
4118,tbaederr,2,0.00065,74281,24.30319,305643
4119,tbertels,2,0.00065,74283,24.30384,305643
4120,tbrodbeck,2,0.00065,74285,24.30450,305643
4121,tchowice,2,0.00065,74287,24.30515,305643
4122,ted1922,2,0.00065,74289,24.30581,305643
4123,telmich,2,0.00065,74291,24.30646,305643
4124,teraa,2,0.00065,74293,24.30712,305643
4125,Test45o,2,0.00065,74295,24.30777,305643
4126,testn,2,0.00065,74297,24.30843,305643
4127,ThaddeusTreloar,2,0.00065,74299,24.30908,305643
4128,thedanielenavarra,2,0.00065,74301,24.30973,305643
4129,TheHaf,2,0.00065,74303,24.31039,305643
4130,theinrichs,2,0.00065,74305,24.31104,305643
4131,thejtshow,2,0.00065,74307,24.31170,305643
4132,TheNerdMan,2,0.00065,74309,24.31235,305643
4133,therealdjryan,2,0.00065,74311,24.31301,305643
4134,ThetaSinner,2,0.00065,74313,24.31366,305643
4135,TheWiresharkGuy,2,0.00065,74315,24.31431,305643
4136,thewtex,2,0.00065,74317,24.31497,305643
4137,thi28,2,0.00065,74319,24.31562,305643
4138,thilop,2,0.00065,74321,24.31628,305643
4139,thomascate,2,0.00065,74323,24.31693,305643
4140,thommarko,2,0.00065,74325,24.31759,305643
4141,threen134,2,0.00065,74327,24.31824,305643
4142,tiernemi,2,0.00065,74329,24.31889,305643
4143,timholl,2,0.00065,74331,24.31955,305643
4144,timlew,2,0.00065,74333,24.32020,305643
4145,timohermans,2,0.00065,74335,24.32086,305643
4146,timway,2,0.00065,74337,24.32151,305643
4147,TitaniumCoder477,2,0.00065,74339,24.32217,305643
4148,titou10titou10,2,0.00065,74341,24.32282,305643
4149,tjb36,2,0.00065,74343,24.32348,305643
4150,tkolo,2,0.00065,74345,24.32413,305643
4151,tkopecek,2,0.00065,74347,24.32478,305643
4152,tmo-cfops,2,0.00065,74349,24.32544,305643
4153,tobega,2,0.00065,74351,24.32609,305643
4154,tobiasfitschen,2,0.00065,74353,24.32675,305643
4155,todaynowork,2,0.00065,74355,24.32740,305643
4156,Token00,2,0.00065,74357,24.32806,305643
4157,tomdavidson,2,0.00065,74359,24.32871,305643
4158,tomhughes,2,0.00065,74361,24.32936,305643
4159,TomHutter,2,0.00065,74363,24.33002,305643
4160,tompurl,2,0.00065,74365,24.33067,305643
4161,Tong0217,2,0.00065,74367,24.33133,305643
4162,tonykay,2,0.00065,74369,24.33198,305643
4163,Tony-Sol,2,0.00065,74371,24.33264,305643
4164,trapier,2,0.00065,74373,24.33329,305643
4165,tremes,2,0.00065,74375,24.33395,305643
4166,Trikenstein,2,0.00065,74377,24.33460,305643
4167,Tronde,2,0.00065,74379,24.33525,305643
4168,Ttfgggf,2,0.00065,74381,24.33591,305643
4169,TTimo,2,0.00065,74383,24.33656,305643
4170,tur11ng,2,0.00065,74385,24.33722,305643
4171,tuxoff,2,0.00065,74387,24.33787,305643
4172,tweetysat,2,0.00065,74389,24.33853,305643
4173,ultymatom,2,0.00065,74391,24.33918,305643
4174,umitakkus,2,0.00065,74393,24.33983,305643
4175,UniversalSuperBox,2,0.00065,74395,24.34049,305643
4176,uosis,2,0.00065,74397,24.34114,305643
4177,urfin78,2,0.00065,74399,24.34180,305643
4178,userbradley,2,0.00065,74401,24.34245,305643
4179,usma0118,2,0.00065,74403,24.34311,305643
4180,uwegeercken,2,0.00065,74405,24.34376,305643
4181,v3ss0n,2,0.00065,74407,24.34441,305643
4182,vadz,2,0.00065,74409,24.34507,305643
4183,ValentinParamonov,2,0.00065,74411,24.34572,305643
4184,vanmegenNiels,2,0.00065,74413,24.34638,305643
4185,vbauerster,2,0.00065,74415,24.34703,305643
4186,vcaraulean,2,0.00065,74417,24.34769,305643
4187,vcunat,2,0.00065,74419,24.34834,305643
4188,vedanshpx,2,0.00065,74421,24.34900,305643
4189,VeitSanner,2,0.00065,74423,24.34965,305643
4190,vholer,2,0.00065,74425,24.35030,305643
4191,viecili,2,0.00065,74427,24.35096,305643
4192,viennaa,2,0.00065,74429,24.35161,305643
4193,viktor-thell-seal,2,0.00065,74431,24.35227,305643
4194,vim12345,2,0.00065,74433,24.35292,305643
4195,ViniciusSCG,2,0.00065,74435,24.35358,305643
4196,virzak,2,0.00065,74437,24.35423,305643
4197,vitaliy-sk,2,0.00065,74439,24.35488,305643
4198,vivienne-w,2,0.00065,74441,24.35554,305643
4199,vkSegfault,2,0.00065,74443,24.35619,305643
4200,v-mengwe,2,0.00065,74445,24.35685,305643
4201,vrischmann,2,0.00065,74447,24.35750,305643
4202,vrushaliinamdar,2,0.00065,74449,24.35816,305643
4203,vulpes2,2,0.00065,74451,24.35881,305643
4204,vvreutskiy,2,0.00065,74453,24.35947,305643
4205,vwalek,2,0.00065,74455,24.36012,305643
4206,waldiTM,2,0.00065,74457,24.36077,305643
4207,wanjuntham,2,0.00065,74459,24.36143,305643
4208,wez,2,0.00065,74461,24.36208,305643
4209,wfchair,2,0.00065,74463,24.36274,305643
4210,w-hc,2,0.00065,74465,24.36339,305643
4211,wideglide,2,0.00065,74467,24.36405,305643
4212,willb7708,2,0.00065,74469,24.36470,305643
4213,winkeesail,2,0.00065,74471,24.36535,305643
4214,WIPocket,2,0.00065,74473,24.36601,305643
4215,wirewc,2,0.00065,74475,24.36666,305643
4216,woodsb02,2,0.00065,74477,24.36732,305643
4217,wqshr12345,2,0.00065,74479,24.36797,305643
4218,wroberts4,2,0.00065,74481,24.36863,305643
4219,wushuyi,2,0.00065,74483,24.36928,305643
4220,WxNzEMof,2,0.00065,74485,24.36993,305643
4221,x2byue,2,0.00065,74487,24.37059,305643
4222,x7upLime,2,0.00065,74489,24.37124,305643
4223,xbabalov,2,0.00065,74491,24.37190,305643
4224,X-dark,2,0.00065,74493,24.37255,305643
4225,XenoBIT78,2,0.00065,74495,24.37321,305643
4226,Xenopathic,2,0.00065,74497,24.37386,305643
4227,Xinayder,2,0.00065,74499,24.37452,305643
4228,xinminglai,2,0.00065,74501,24.37517,305643
4229,xmc2016,2,0.00065,74503,24.37582,305643
4230,xofyarg,2,0.00065,74505,24.37648,305643
4231,xtexx,2,0.00065,74507,24.37713,305643
4232,xxxserxxx,2,0.00065,74509,24.37779,305643
4233,yacao,2,0.00065,74511,24.37844,305643
4234,YaLTeR,2,0.00065,74513,24.37910,305643
4235,ycouble,2,0.00065,74515,24.37975,305643
4236,yeoldegrove,2,0.00065,74517,24.38040,305643
4237,yogugl,2,0.00065,74519,24.38106,305643
4238,ypconstante,2,0.00065,74521,24.38171,305643
4239,YRXING,2,0.00065,74523,24.38237,305643
4240,yuchengwu,2,0.00065,74525,24.38302,305643
4241,Yuhta28,2,0.00065,74527,24.38368,305643
4242,yuwata,2,0.00065,74529,24.38433,305643
4243,yylyyl,2,0.00065,74531,24.38499,305643
4244,yzguy,2,0.00065,74533,24.38564,305643
4245,zachauten,2,0.00065,74535,24.38629,305643
4246,ZaiBouz,2,0.00065,74537,24.38695,305643
4247,zajdee,2,0.00065,74539,24.38760,305643
4248,Zarquan,2,0.00065,74541,24.38826,305643
4249,zbynekwinkler,2,0.00065,74543,24.38891,305643
4250,zeeshanalisyed,2,0.00065,74545,24.38957,305643
4251,zentasumu,2,0.00065,74547,24.39022,305643
4252,zerodogg,2,0.00065,74549,24.39087,305643
4253,zgaaaa,2,0.00065,74551,24.39153,305643
4254,zgrossbart,2,0.00065,74553,24.39218,305643
4255,zhaoyonghe,2,0.00065,74555,24.39284,305643
4256,zleppy,2,0.00065,74557,24.39349,305643
4257,zmjackson,2,0.00065,74559,24.39415,305643
4258,zrzka,2,0.00065,74561,24.39480,305643
4259,030,1,0.00033,74562,24.39513,305643
4260,0fbcb238c0,1,0.00033,74563,24.39545,305643
4261,0pq76r,1,0.00033,74564,24.39578,305643
4262,0x29a,1,0.00033,74565,24.39611,305643
4263,0x7d7b,1,0.00033,74566,24.39644,305643
4264,0xFelix,1,0.00033,74567,24.39676,305643
4265,0xffox,1,0.00033,74568,24.39709,305643
4266,1480c1,1,0.00033,74569,24.39742,305643
4267,1codingmonkey,1,0.00033,74570,24.39775,305643
4268,1nF0rmed,1,0.00033,74571,24.39807,305643
4269,247vanslam,1,0.00033,74572,24.39840,305643
4270,343i,1,0.00033,74573,24.39873,305643
4271,3belut,1,0.00033,74574,24.39905,305643
4272,5kt,1,0.00033,74575,24.39938,305643
4273,8ar10der,1,0.00033,74576,24.39971,305643
4274,9001,1,0.00033,74577,24.40004,305643
4275,a10y,1,0.00033,74578,24.40036,305643
4276,a85302543,1,0.00033,74579,24.40069,305643
4277,aaabdallah,1,0.00033,74580,24.40102,305643
4278,aabdul777,1,0.00033,74581,24.40134,305643
4279,aadeshpa,1,0.00033,74582,24.40167,305643
4280,aadithya96,1,0.00033,74583,24.40200,305643
4281,aardbol,1,0.00033,74584,24.40233,305643
4282,Aaron-Rumpler,1,0.00033,74585,24.40265,305643
4283,abergeron,1,0.00033,74586,24.40298,305643
4284,Abhi03594,1,0.00033,74587,24.40331,305643
4285,abhins,1,0.00033,74588,24.40363,305643
4286,AbhishekS2304,1,0.00033,74589,24.40396,305643
4287,abompard,1,0.00033,74590,24.40429,305643
4288,aboudzakaria,1,0.00033,74591,24.40462,305643
4289,abs25,1,0.00033,74592,24.40494,305643
4290,acacio,1,0.00033,74593,24.40527,305643
4291,AceBlade258,1,0.00033,74594,24.40560,305643
4292,acid-bong,1,0.00033,74595,24.40592,305643
4293,aclarknexient,1,0.00033,74596,24.40625,305643
4294,a-clean-kitchen,1,0.00033,74597,24.40658,305643
4295,AClon314,1,0.00033,74598,24.40691,305643
4296,aconz2,1,0.00033,74599,24.40723,305643
4297,acshea,1,0.00033,74600,24.40756,305643
4298,Aculeo,1,0.00033,74601,24.40789,305643
4299,adamchew89,1,0.00033,74602,24.40821,305643
4300,adamoa,1,0.00033,74603,24.40854,305643
4301,AdamWyzgol,1,0.00033,74604,24.40887,305643
4302,adjavaherian,1,0.00033,74605,24.40920,305643
4303,adoreparler,1,0.00033,74606,24.40952,305643
4304,adoyle-h,1,0.00033,74607,24.40985,305643
4305,adrianovieira,1,0.00033,74608,24.41018,305643
4306,adriansyahirwandev,1,0.00033,74609,24.41051,305643
4307,AdSegura,1,0.00033,74610,24.41083,305643
4308,Advantechnica,1,0.00033,74611,24.41116,305643
4309,aeris,1,0.00033,74612,24.41149,305643
4310,aeronwang,1,0.00033,74613,24.41181,305643
4311,afages,1,0.00033,74614,24.41214,305643
4312,afh,1,0.00033,74615,24.41247,305643
4313,afreyermuth98,1,0.00033,74616,24.41280,305643
4314,africanobyamugisha,1,0.00033,74617,24.41312,305643
4315,agates,1,0.00033,74618,24.41345,305643
4316,agdevsu,1,0.00033,74619,24.41378,305643
4317,ageisen2000,1,0.00033,74620,24.41410,305643
4318,aggarwalShivani,1,0.00033,74621,24.41443,305643
4319,aghapy-mikhail,1,0.00033,74622,24.41476,305643
4320,agrandville,1,0.00033,74623,24.41509,305643
4321,agriess,1,0.00033,74624,24.41541,305643
4322,agu3rra,1,0.00033,74625,24.41574,305643
4323,ahaid,1,0.00033,74626,24.41607,305643
4324,aheilmaier,1,0.00033,74627,24.41639,305643
4325,ahmad-75,1,0.00033,74628,24.41672,305643
4326,ahmedfathymahmoud,1,0.00033,74629,24.41705,305643
4327,AhmedThresh,1,0.00033,74630,24.41738,305643
4328,ahoereth,1,0.00033,74631,24.41770,305643
4329,ahumeniy,1,0.00033,74632,24.41803,305643
4330,aikebah,1,0.00033,74633,24.41836,305643
4331,airobot60,1,0.00033,74634,24.41868,305643
4332,AiyionPrime,1,0.00033,74635,24.41901,305643
4333,AKARSHITJOSHI,1,0.00033,74636,24.41934,305643
4334,AkashRajvanshi,1,0.00033,74637,24.41967,305643
4335,akdor1154,1,0.00033,74638,24.41999,305643
4336,akhil08254,1,0.00033,74639,24.42032,305643
4337,AkiraMoon305,1,0.00033,74640,24.42065,305643
4338,akiross,1,0.00033,74641,24.42097,305643
4339,aklira,1,0.00033,74642,24.42130,305643
4340,AkMalhotragithub,1,0.00033,74643,24.42163,305643
4341,aksaswadkar,1,0.00033,74644,24.42196,305643
4342,akshayeshenoi,1,0.00033,74645,24.42228,305643
4343,aksiksi,1,0.00033,74646,24.42261,305643
4344,aktau,1,0.00033,74647,24.42294,305643
4345,akumria,1,0.00033,74648,24.42327,305643
4346,alakdam07,1,0.00033,74649,24.42359,305643
4347,alangalvino,1,0.00033,74650,24.42392,305643
4348,alanhoyle,1,0.00033,74651,24.42425,305643
4349,alazzaro,1,0.00033,74652,24.42457,305643
4350,albertcity,1,0.00033,74653,24.42490,305643
4351,Aldiuser,1,0.00033,74654,24.42523,305643
4352,AledLewis,1,0.00033,74655,24.42556,305643
4353,alejandroalvarezvazquez,1,0.00033,74656,24.42588,305643
4354,alekssd,1,0.00033,74657,24.42621,305643
4355,alenas,1,0.00033,74658,24.42654,305643
4356,alex27riva,1,0.00033,74659,24.42686,305643
4357,alexanderniebuhr,1,0.00033,74660,24.42719,305643
4358,AlexanderYastrebov,1,0.00033,74661,24.42752,305643
4359,AlexandreCassagne,1,0.00033,74662,24.42785,305643
4360,AlexandreFournier,1,0.00033,74663,24.42817,305643
4361,alexdmiller,1,0.00033,74664,24.42850,305643
4362,AlexIvchenko,1,0.00033,74665,24.42883,305643
4363,AlexKaravaev,1,0.00033,74666,24.42915,305643
4364,alexsaezm,1,0.00033,74667,24.42948,305643
4365,Algebra8,1,0.00033,74668,24.42981,305643
4366,algompluecker,1,0.00033,74669,24.43014,305643
4367,AliveDevil,1,0.00033,74670,24.43046,305643
4368,alkesander,1,0.00033,74671,24.43079,305643
4369,allanrogerr,1,0.00033,74672,24.43112,305643
4370,alphabet5,1,0.00033,74673,24.43144,305643
4371,alphakilo7,1,0.00033,74674,24.43177,305643
4372,Alphaprot,1,0.00033,74675,24.43210,305643
4373,altmind,1,0.00033,74676,24.43243,305643
4374,alvarlagerlof,1,0.00033,74677,24.43275,305643
4375,Alveel,1,0.00033,74678,24.43308,305643
4376,am7c7,1,0.00033,74679,24.43341,305643
4377,amakeenk,1,0.00033,74680,24.43373,305643
4378,ambrop72,1,0.00033,74681,24.43406,305643
4379,AmedeeBulle,1,0.00033,74682,24.43439,305643
4380,amexboy,1,0.00033,74683,24.43472,305643
4381,amiga23,1,0.00033,74684,24.43504,305643
4382,amilanoski,1,0.00033,74685,24.43537,305643
4383,amiyadas77,1,0.00033,74686,24.43570,305643
4384,Amizzuddin,1,0.00033,74687,24.43603,305643
4385,ammarik,1,0.00033,74688,24.43635,305643
4386,amn,1,0.00033,74689,24.43668,305643
4387,amnonh,1,0.00033,74690,24.43701,305643
4388,amyruski,1,0.00033,74691,24.43733,305643
4389,anarazel,1,0.00033,74692,24.43766,305643
4390,anarute,1,0.00033,74693,24.43799,305643
4391,AnasAlamin,1,0.00033,74694,24.43832,305643
4392,AnastasiyaSoyka,1,0.00033,74695,24.43864,305643
4393,anborg,1,0.00033,74696,24.43897,305643
4394,anchet19,1,0.00033,74697,24.43930,305643
4395,ancms2600,1,0.00033,74698,24.43962,305643
4396,andersensam,1,0.00033,74699,24.43995,305643
4397,andreasbaumann,1,0.00033,74700,24.44028,305643
4398,andreasio,1,0.00033,74701,24.44061,305643
4399,an-dr-eas-k,1,0.00033,74702,24.44093,305643
4400,andreasschulze,1,0.00033,74703,24.44126,305643
4401,AndreasSko,1,0.00033,74704,24.44159,305643
4402,andrescueva,1,0.00033,74705,24.44191,305643
4403,andreshans,1,0.00033,74706,24.44224,305643
4404,andrewcrook,1,0.00033,74707,24.44257,305643
4405,AndrewLipscomb,1,0.00033,74708,24.44290,305643
4406,andrimanna,1,0.00033,74709,24.44322,305643
4407,andry-dev,1,0.00033,74710,24.44355,305643
4408,andy-d-palmer,1,0.00033,74711,24.44388,305643
4409,andysendo,1,0.00033,74712,24.44420,305643
4410,andy-vs,1,0.00033,74713,24.44453,305643
4411,aniruddhabagal,1,0.00033,74714,24.44486,305643
4412,anisimovdk,1,0.00033,74715,24.44519,305643
4413,anjupawaria,1,0.00033,74716,24.44551,305643
4414,Anniywell,1,0.00033,74717,24.44584,305643
4415,anriKogan,1,0.00033,74718,24.44617,305643
4416,anselm94,1,0.00033,74719,24.44649,305643
4417,AnsgarKlein,1,0.00033,74720,24.44682,305643
4418,anthonyhaussman,1,0.00033,74721,24.44715,305643
4419,antonioalamo,1,0.00033,74722,24.44748,305643
4420,AntonioAmore,1,0.00033,74723,24.44780,305643
4421,antoniocalagna98,1,0.00033,74724,24.44813,305643
4422,antonio-petricca,1,0.00033,74725,24.44846,305643
4423,AntonTutuka,1,0.00033,74726,24.44879,305643
4424,antun,1,0.00033,74727,24.44911,305643
4425,anushka-jainn,1,0.00033,74728,24.44944,305643
4426,Ap0th0cary,1,0.00033,74729,24.44977,305643
4427,apasrini,1,0.00033,74730,24.45009,305643
4428,APCBoston,1,0.00033,74731,24.45042,305643
4429,apeschar,1,0.00033,74732,24.45075,305643
4430,apg036,1,0.00033,74733,24.45108,305643
4431,aphage,1,0.00033,74734,24.45140,305643
4432,apollocreed,1,0.00033,74735,24.45173,305643
4433,appmana-accounts,1,0.00033,74736,24.45206,305643
4434,arajczy,1,0.00033,74737,24.45238,305643
4435,araven,1,0.00033,74738,24.45271,305643
4436,arazilsongweaver,1,0.00033,74739,24.45304,305643
4437,archiexxx,1,0.00033,74740,24.45337,305643
4438,Archsx,1,0.00033,74741,24.45369,305643
4439,Arctize,1,0.00033,74742,24.45402,305643
4440,arduino-man,1,0.00033,74743,24.45435,305643
4441,arielireni,1,0.00033,74744,24.45467,305643
4442,arindamghoshal,1,0.00033,74745,24.45500,305643
4443,arjuhe,1,0.00033,74746,24.45533,305643
4444,Arkadietz,1,0.00033,74747,24.45566,305643
4445,arodland,1,0.00033,74748,24.45598,305643
4446,arpitgautam,1,0.00033,74749,24.45631,305643
4447,arroyoj,1,0.00033,74750,24.45664,305643
4448,aruljohn,1,0.00033,74751,24.45696,305643
4449,arunah,1,0.00033,74752,24.45729,305643
4450,arvindraju,1,0.00033,74753,24.45762,305643
4451,arwinters,1,0.00033,74754,24.45795,305643
4452,arzarif,1,0.00033,74755,24.45827,305643
4453,asclepiadae,1,0.00033,74756,24.45860,305643
4454,ashishth09,1,0.00033,74757,24.45893,305643
4455,ashokks80,1,0.00033,74758,24.45925,305643
4456,ashusingo,1,0.00033,74759,24.45958,305643
4457,aslilac,1,0.00033,74760,24.45991,305643
4458,asmoura,1,0.00033,74761,24.46024,305643
4459,astinmiura,1,0.00033,74762,24.46056,305643
4460,astra137,1,0.00033,74763,24.46089,305643
4461,astraldawn,1,0.00033,74764,24.46122,305643
4462,ata-sql,1,0.00033,74765,24.46155,305643
4463,atlantis,1,0.00033,74766,24.46187,305643
4464,atomicules,1,0.00033,74767,24.46220,305643
4465,atomlab,1,0.00033,74768,24.46253,305643
4466,Austin-Shep,1,0.00033,74769,24.46285,305643
4467,avadhanij6si,1,0.00033,74770,24.46318,305643
4468,Avamander,1,0.00033,74771,24.46351,305643
4469,averms,1,0.00033,74772,24.46384,305643
4470,Avinash30,1,0.00033,74773,24.46416,305643
4471,avivataqua,1,0.00033,74774,24.46449,305643
4472,a-vivona,1,0.00033,74775,24.46482,305643
4473,avnav88,1,0.00033,74776,24.46514,305643
4474,avx-rchung,1,0.00033,74777,24.46547,305643
4475,Ayowel,1,0.00033,74778,24.46580,305643
4476,azenkwed,1,0.00033,74779,24.46613,305643
4477,azolotko,1,0.00033,74780,24.46645,305643
4478,b00ga,1,0.00033,74781,24.46678,305643
4479,b03602036,1,0.00033,74782,24.46711,305643
4480,babubalagani,1,0.00033,74783,24.46743,305643
4481,badrelmers,1,0.00033,74784,24.46776,305643
4482,badsmoke,1,0.00033,74785,24.46809,305643
4483,baez90,1,0.00033,74786,24.46842,305643
4484,bafzachris,1,0.00033,74787,24.46874,305643
4485,Baggypants,1,0.00033,74788,24.46907,305643
4486,baigzeeshan,1,0.00033,74789,24.46940,305643
4487,balthild,1,0.00033,74790,24.46972,305643
4488,banzr,1,0.00033,74791,24.47005,305643
4489,barloff-st,1,0.00033,74792,24.47038,305643
4490,barnysanchez,1,0.00033,74793,24.47071,305643
4491,barseghyanartur,1,0.00033,74794,24.47103,305643
4492,bartoldeman,1,0.00033,74795,24.47136,305643
4493,baselsayeh,1,0.00033,74796,24.47169,305643
4494,basenc,1,0.00033,74797,24.47201,305643
4495,bastianbeier,1,0.00033,74798,24.47234,305643
4496,bavardage,1,0.00033,74799,24.47267,305643
4497,bazaah,1,0.00033,74800,24.47300,305643
4498,bb010g,1,0.00033,74801,24.47332,305643
4499,bby-bishopclark,1,0.00033,74802,24.47365,305643
4500,bcarpio,1,0.00033,74803,24.47398,305643
4501,BDeus,1,0.00033,74804,24.47430,305643
4502,bdherouville,1,0.00033,74805,24.47463,305643
4503,bdoms,1,0.00033,74806,24.47496,305643
4504,bea231,1,0.00033,74807,24.47529,305643
4505,beachmachine,1,0.00033,74808,24.47561,305643
4506,bear0330,1,0.00033,74809,24.47594,305643
4507,beatboxchad,1,0.00033,74810,24.47627,305643
4508,beddari,1,0.00033,74811,24.47660,305643
4509,BeeeQueue,1,0.00033,74812,24.47692,305643
4510,beerai,1,0.00033,74813,24.47725,305643
4511,beinbliss,1,0.00033,74814,24.47758,305643
4512,bellegarde-c,1,0.00033,74815,24.47790,305643
4513,bellondr,1,0.00033,74816,24.47823,305643
4514,benben,1,0.00033,74817,24.47856,305643
4515,benedikt-mue,1,0.00033,74818,24.47889,305643
4516,benfay88,1,0.00033,74819,24.47921,305643
4517,benfro,1,0.00033,74820,24.47954,305643
4518,benipeled,1,0.00033,74821,24.47987,305643
4519,Benjipede,1,0.00033,74822,24.48019,305643
4520,BennyItkin,1,0.00033,74823,24.48052,305643
4521,ben-xD,1,0.00033,74824,24.48085,305643
4522,bevinhex,1,0.00033,74825,24.48118,305643
4523,BeyondTheBlade,1,0.00033,74826,24.48150,305643
4524,Bharath92,1,0.00033,74827,24.48183,305643
4525,Bharath-vi,1,0.00033,74828,24.48216,305643
4526,BhattTanmay,1,0.00033,74829,24.48248,305643
4527,Bhawyya,1,0.00033,74830,24.48281,305643
4528,bhsiaoml,1,0.00033,74831,24.48314,305643
4529,Bhudjo,1,0.00033,74832,24.48347,305643
4530,bhyslop,1,0.00033,74833,24.48379,305643
4531,bhyslop-serrano,1,0.00033,74834,24.48412,305643
4532,BigB84,1,0.00033,74835,24.48445,305643
4533,bigjust,1,0.00033,74836,24.48477,305643
4534,biji,1,0.00033,74837,24.48510,305643
4535,bikramguha,1,0.00033,74838,24.48543,305643
4536,bilal-ameer-ivolve,1,0.00033,74839,24.48576,305643
4537,bill-scales,1,0.00033,74840,24.48608,305643
4538,binary01010,1,0.00033,74841,24.48641,305643
4539,Bindernews,1,0.00033,74842,24.48674,305643
4540,BitBistro,1,0.00033,74843,24.48706,305643
4541,bitcindy,1,0.00033,74844,24.48739,305643
4542,bjconlan,1,0.00033,74845,24.48772,305643
4543,bjo81,1,0.00033,74846,24.48805,305643
4544,bjones,1,0.00033,74847,24.48837,305643
4545,bkaczynski,1,0.00033,74848,24.48870,305643
4546,bkballoon,1,0.00033,74849,24.48903,305643
4547,bkrugerp99,1,0.00033,74850,24.48936,305643
4548,blairmf,1,0.00033,74851,24.48968,305643
4549,blaisep,1,0.00033,74852,24.49001,305643
4550,blavoie,1,0.00033,74853,24.49034,305643
4551,blindenvy,1,0.00033,74854,24.49066,305643
4552,BlueOwlet,1,0.00033,74855,24.49099,305643
4553,bluikko,1,0.00033,74856,24.49132,305643
4554,blva,1,0.00033,74857,24.49165,305643
4555,Blzut3,1,0.00033,74858,24.49197,305643
4556,bmahabirbu,1,0.00033,74859,24.49230,305643
4557,bmaxwell,1,0.00033,74860,24.49263,305643
4558,Bmixo,1,0.00033,74861,24.49295,305643
4559,bmotomochi,1,0.00033,74862,24.49328,305643
4560,bmrobin,1,0.00033,74863,24.49361,305643
4561,boagg,1,0.00033,74864,24.49394,305643
4562,bobobo1618,1,0.00033,74865,24.49426,305643
4563,bobvandette,1,0.00033,74866,24.49459,305643
4564,bofei222,1,0.00033,74867,24.49492,305643
4565,bomgar,1,0.00033,74868,24.49524,305643
4566,BonaBeavis,1,0.00033,74869,24.49557,305643
4567,BOPOHA,1,0.00033,74870,24.49590,305643
4568,BouncingBit,1,0.00033,74871,24.49623,305643
4569,bovem,1,0.00033,74872,24.49655,305643
4570,Boy-boyrich,1,0.00033,74873,24.49688,305643
4571,boypt,1,0.00033,74874,24.49721,305643
4572,bplaxco,1,0.00033,74875,24.49753,305643
4573,braatvedt,1,0.00033,74876,24.49786,305643
4574,brandon1024,1,0.00033,74877,24.49819,305643
4575,brandonrc,1,0.00033,74878,24.49852,305643
4576,branpurn,1,0.00033,74879,24.49884,305643
4577,Breinich,1,0.00033,74880,24.49917,305643
4578,bretonics,1,0.00033,74881,24.49950,305643
4579,brianbruggeman,1,0.00033,74882,24.49982,305643
4580,BrianHVB,1,0.00033,74883,24.50015,305643
4581,briansilvasmg,1,0.00033,74884,24.50048,305643
4582,BrianTheMessiah,1,0.00033,74885,24.50081,305643
4583,brianv0,1,0.00033,74886,24.50113,305643
4584,bricecamus,1,0.00033,74887,24.50146,305643
4585,brickmonster,1,0.00033,74888,24.50179,305643
4586,brocking,1,0.00033,74889,24.50212,305643
4587,bromaniac,1,0.00033,74890,24.50244,305643
4588,bruno-fs,1,0.00033,74891,24.50277,305643
4589,bruteforks,1,0.00033,74892,24.50310,305643
4590,BrysonMcI,1,0.00033,74893,24.50342,305643
4591,bsantanna,1,0.00033,74894,24.50375,305643
4592,bstrulak,1,0.00033,74895,24.50408,305643
4593,b-thiswatch,1,0.00033,74896,24.50441,305643
4594,Btijmen,1,0.00033,74897,24.50473,305643
4595,bt-lemery,1,0.00033,74898,24.50506,305643
4596,btreut,1,0.00033,74899,24.50539,305643
4597,Buanderie,1,0.00033,74900,24.50571,305643
4598,bubuntux,1,0.00033,74901,24.50604,305643
4599,buca92,1,0.00033,74902,24.50637,305643
4600,bugaevc,1,0.00033,74903,24.50670,305643
4601,bulhoes,1,0.00033,74904,24.50702,305643
4602,bundabrg,1,0.00033,74905,24.50735,305643
4603,burgreen,1,0.00033,74906,24.50768,305643
4604,Bush-cat,1,0.00033,74907,24.50800,305643
4605,bviktor,1,0.00033,74908,24.50833,305643
4606,bwgjoseph,1,0.00033,74909,24.50866,305643
4607,ByerRA,1,0.00033,74910,24.50899,305643
4608,bytecounter,1,0.00033,74911,24.50931,305643
4609,c4rlo,1,0.00033,74912,24.50964,305643
4610,cabbirolo,1,0.00033,74913,24.50997,305643
4611,caemate,1,0.00033,74914,24.51029,305643
4612,caiodearaujo,1,0.00033,74915,24.51062,305643
4613,caizixian,1,0.00033,74916,24.51095,305643
4614,calebevans,1,0.00033,74917,24.51128,305643
4615,Calvario,1,0.00033,74918,24.51160,305643
4616,cameronmitchellapps,1,0.00033,74919,24.51193,305643
4617,campbsb,1,0.00033,74920,24.51226,305643
4618,camporter,1,0.00033,74921,24.51258,305643
4619,caneserr,1,0.00033,74922,24.51291,305643
4620,caozhuozi,1,0.00033,74923,24.51324,305643
4621,captainepoch,1,0.00033,74924,24.51357,305643
4622,captn3m0,1,0.00033,74925,24.51389,305643
4623,caramarc,1,0.00033,74926,24.51422,305643
4624,CardboardAgent,1,0.00033,74927,24.51455,305643
4625,carej-upstart,1,0.00033,74928,24.51488,305643
4626,carlosgorges,1,0.00033,74929,24.51520,305643
4627,carlosmmatos,1,0.00033,74930,24.51553,305643
4628,CarlosOnline,1,0.00033,74931,24.51586,305643
4629,carlosvdr,1,0.00033,74932,24.51618,305643
4630,carmo-evan,1,0.00033,74933,24.51651,305643
4631,carrulop,1,0.00033,74934,24.51684,305643
4632,carsonbaker,1,0.00033,74935,24.51717,305643
4633,CaselIT,1,0.00033,74936,24.51749,305643
4634,casKd-dev,1,0.00033,74937,24.51782,305643
4635,categulario,1,0.00033,74938,24.51815,305643
4636,catniptwinz,1,0.00033,74939,24.51847,305643
4637,cbergmann,1,0.00033,74940,24.51880,305643
4638,cc20110101,1,0.00033,74941,24.51913,305643
4639,cchet,1,0.00033,74942,24.51946,305643
4640,ccrouch,1,0.00033,74943,24.51978,305643
4641,cdaddio,1,0.00033,74944,24.52011,305643
4642,cdbca,1,0.00033,74945,24.52044,305643
4643,cdnB8kn,1,0.00033,74946,24.52076,305643
4644,cdpb,1,0.00033,74947,24.52109,305643
4645,CEikermann,1,0.00033,74948,24.52142,305643
4646,CelianR,1,0.00033,74949,24.52175,305643
4647,Cellebyte,1,0.00033,74950,24.52207,305643
4648,cemarriott,1,0.00033,74951,24.52240,305643
4649,central182,1,0.00033,74952,24.52273,305643
4650,cescobaz,1,0.00033,74953,24.52305,305643
4651,cgeers,1,0.00033,74954,24.52338,305643
4652,cgigun,1,0.00033,74955,24.52371,305643
4653,ch0001,1,0.00033,74956,24.52404,305643
4654,chadcatlett,1,0.00033,74957,24.52436,305643
4655,chafidz0000000,1,0.00033,74958,24.52469,305643
4656,ChaosEx,1,0.00033,74959,24.52502,305643
4657,charbel14,1,0.00033,74960,24.52534,305643
4658,Charizard,1,0.00033,74961,24.52567,305643
4659,Charleeboyle,1,0.00033,74962,24.52600,305643
4660,charles-m-knox,1,0.00033,74963,24.52633,305643
4661,chaseadam,1,0.00033,74964,24.52665,305643
4662,cheese,1,0.00033,74965,24.52698,305643
4663,chen369,1,0.00033,74966,24.52731,305643
4664,cheng6563,1,0.00033,74967,24.52764,305643
4665,CherrieYu,1,0.00033,74968,24.52796,305643
4666,chiting,1,0.00033,74969,24.52829,305643
4667,ch-koehler,1,0.00033,74970,24.52862,305643
4668,choeger,1,0.00033,74971,24.52894,305643
4669,choval,1,0.00033,74972,24.52927,305643
4670,chrchr,1,0.00033,74973,24.52960,305643
4671,chris-lee-vn,1,0.00033,74974,24.52993,305643
4672,chris-martin,1,0.00033,74975,24.53025,305643
4673,ChrisSamo632,1,0.00033,74976,24.53058,305643
4674,chris-schuetz,1,0.00033,74977,24.53091,305643
4675,christophefarges,1,0.00033,74978,24.53123,305643
4676,ChristopherHX,1,0.00033,74979,24.53156,305643
4677,ChristophHannappel,1,0.00033,74980,24.53189,305643
4678,chris-vroegop-lloyds,1,0.00033,74981,24.53222,305643
4679,chriswolske,1,0.00033,74982,24.53254,305643
4680,chughts,1,0.00033,74983,24.53287,305643
4681,Cian0o,1,0.00033,74984,24.53320,305643
4682,CircuitCipher,1,0.00033,74985,24.53352,305643
4683,citrucn,1,0.00033,74986,24.53385,305643
4684,Cjewett,1,0.00033,74987,24.53418,305643
4685,cjsin,1,0.00033,74988,24.53451,305643
4686,cjvolzka,1,0.00033,74989,24.53483,305643
4687,CKingX,1,0.00033,74990,24.53516,305643
4688,Cl1p,1,0.00033,74991,24.53549,305643
4689,CleanHit,1,0.00033,74992,24.53581,305643
4690,clearcodecn,1,0.00033,74993,24.53614,305643
4691,clicktechnology,1,0.00033,74994,24.53647,305643
4692,ClientIco,1,0.00033,74995,24.53680,305643
4693,cluening,1,0.00033,74996,24.53712,305643
4694,cmdrogogov,1,0.00033,74997,24.53745,305643
4695,cmhull42,1,0.00033,74998,24.53778,305643
4696,cnorthfield,1,0.00033,74999,24.53810,305643
4697,c-nv-s,1,0.00033,75000,24.53843,305643
4698,Codelax,1,0.00033,75001,24.53876,305643
4699,codementation,1,0.00033,75002,24.53909,305643
4700,cold-distance,1,0.00033,75003,24.53941,305643
4701,Colonial-Dev,1,0.00033,75004,24.53974,305643
4702,colorsakura,1,0.00033,75005,24.54007,305643
4703,com6056,1,0.00033,75006,24.54040,305643
4704,comminutus,1,0.00033,75007,24.54072,305643
4705,contre95,1,0.00033,75008,24.54105,305643
4706,coppercash,1,0.00033,75009,24.54138,305643
4707,copyrights,1,0.00033,75010,24.54170,305643
4708,coreyryanhanson,1,0.00033,75011,24.54203,305643
4709,corinz,1,0.00033,75012,24.54236,305643
4710,corleoneZeng,1,0.00033,75013,24.54269,305643
4711,corrosive4354,1,0.00033,75014,24.54301,305643
4712,cortex93,1,0.00033,75015,24.54334,305643
4713,courtarro,1,0.00033,75016,24.54367,305643
4714,cpfeiffer,1,0.00033,75017,24.54399,305643
4715,cpmoore,1,0.00033,75018,24.54432,305643
4716,cpopp,1,0.00033,75019,24.54465,305643
4717,crabhi,1,0.00033,75020,24.54498,305643
4718,craigjperry2,1,0.00033,75021,24.54530,305643
4719,crispytaco,1,0.00033,75022,24.54563,305643
4720,cron410,1,0.00033,75023,24.54596,305643
4721,crowleydi,1,0.00033,75024,24.54628,305643
4722,CRThaze,1,0.00033,75025,24.54661,305643
4723,crunchyheath,1,0.00033,75026,24.54694,305643
4724,Crypto89,1,0.00033,75027,24.54727,305643
4725,csemaan1A,1,0.00033,75028,24.54759,305643
4726,cs-itops,1,0.00033,75029,24.54792,305643
4727,csmith,1,0.00033,75030,24.54825,305643
4728,ct9915,1,0.00033,75031,24.54857,305643
4729,ctlong,1,0.00033,75032,24.54890,305643
4730,CtrlC-Root,1,0.00033,75033,24.54923,305643
4731,cubadonis,1,0.00033,75034,24.54956,305643
4732,currybullen,1,0.00033,75035,24.54988,305643
4733,CVC0316,1,0.00033,75036,24.55021,305643
4734,cvennel,1,0.00033,75037,24.55054,305643
4735,cwawak,1,0.00033,75038,24.55086,305643
4736,cweld510,1,0.00033,75039,24.55119,305643
4737,cyangalaxy,1,0.00033,75040,24.55152,305643
4738,Cyclenerd,1,0.00033,75041,24.55185,305643
4739,cyrillzadra,1,0.00033,75042,24.55217,305643
4740,cyrushu,1,0.00033,75043,24.55250,305643
4741,d1nfinite,1,0.00033,75044,24.55283,305643
4742,d34dh0r53,1,0.00033,75045,24.55316,305643
4743,da2ce7,1,0.00033,75046,24.55348,305643
4744,DabeDotCom,1,0.00033,75047,24.55381,305643
4745,dabooz,1,0.00033,75048,24.55414,305643
4746,dabrain34,1,0.00033,75049,24.55446,305643
4747,dafanasiev,1,0.00033,75050,24.55479,305643
4748,daipok,1,0.00033,75051,24.55512,305643
4749,daisleyj,1,0.00033,75052,24.55545,305643
4750,daitou05,1,0.00033,75053,24.55577,305643
4751,DamienRobert,1,0.00033,75054,24.55610,305643
4752,damlys99,1,0.00033,75055,24.55643,305643
4753,daniarla,1,0.00033,75056,24.55675,305643
4754,danielap-ma,1,0.00033,75057,24.55708,305643
4755,danielroseman,1,0.00033,75058,24.55741,305643
4756,Danielside,1,0.00033,75059,24.55774,305643
4757,daniel-widrick,1,0.00033,75060,24.55806,305643
4758,danielwsmithee,1,0.00033,75061,24.55839,305643
4759,DanielYWoo,1,0.00033,75062,24.55872,305643
4760,danilo-patrucco,1,0.00033,75063,24.55904,305643
4761,daniviga,1,0.00033,75064,24.55937,305643
4762,danlenar,1,0.00033,75065,24.55970,305643
4763,danmilon,1,0.00033,75066,24.56003,305643
4764,danny2001k,1,0.00033,75067,24.56035,305643
4765,dannykansas,1,0.00033,75068,24.56068,305643
4766,Dan-superposition,1,0.00033,75069,24.56101,305643
4767,danvenn,1,0.00033,75070,24.56133,305643
4768,DarcySail,1,0.00033,75071,24.56166,305643
4769,DarekDan,1,0.00033,75072,24.56199,305643
4770,dargentieri,1,0.00033,75073,24.56232,305643
4771,darkgirl,1,0.00033,75074,24.56264,305643
4772,darkmastermindz,1,0.00033,75075,24.56297,305643
4773,darktempla,1,0.00033,75076,24.56330,305643
4774,darkyzhou,1,0.00033,75077,24.56362,305643
4775,DarthPestilane,1,0.00033,75078,24.56395,305643
4776,darthShadow,1,0.00033,75079,24.56428,305643
4777,dataegg,1,0.00033,75080,24.56461,305643
4778,davemaul,1,0.00033,75081,24.56493,305643
4779,davendu,1,0.00033,75082,24.56526,305643
4780,david-caro,1,0.00033,75083,24.56559,305643
4781,daviddavid,1,0.00033,75084,24.56592,305643
4782,DavidePrincipi,1,0.00033,75085,24.56624,305643
4783,davidjayb,1,0.00033,75086,24.56657,305643
4784,davidkhala,1,0.00033,75087,24.56690,305643
4785,davidlt,1,0.00033,75088,24.56722,305643
4786,davidmogar,1,0.00033,75089,24.56755,305643
4787,Davio,1,0.00033,75090,24.56788,305643
4788,dawosch,1,0.00033,75091,24.56821,305643
4789,dbazile,1,0.00033,75092,24.56853,305643
4790,dbiegunski,1,0.00033,75093,24.56886,305643
4791,dblitt,1,0.00033,75094,24.56919,305643
4792,dcapwell,1,0.00033,75095,24.56951,305643
4793,DDoSolitary,1,0.00033,75096,24.56984,305643
4794,de1987,1,0.00033,75097,24.57017,305643
4795,deadNightTiger,1,0.00033,75098,24.57050,305643
4796,deadpyxel,1,0.00033,75099,24.57082,305643
4797,dealer426,1,0.00033,75100,24.57115,305643
4798,dedani,1,0.00033,75101,24.57148,305643
4799,deepforu47,1,0.00033,75102,24.57180,305643
4800,DekuDesu,1,0.00033,75103,24.57213,305643
4801,delicacyyy,1,0.00033,75104,24.57246,305643
4802,demongolem-biz2,1,0.00033,75105,24.57279,305643
4803,dengelt,1,0.00033,75106,24.57311,305643
4804,deplicator,1,0.00033,75107,24.57344,305643
4805,derbauer97,1,0.00033,75108,24.57377,305643
4806,derekhjray,1,0.00033,75109,24.57409,305643
4807,derekschrock,1,0.00033,75110,24.57442,305643
4808,deric,1,0.00033,75111,24.57475,305643
4809,dermarens,1,0.00033,75112,24.57508,305643
4810,desmax74,1,0.00033,75113,24.57540,305643
4811,desultory-zz,1,0.00033,75114,24.57573,305643
4812,devdailytester,1,0.00033,75115,24.57606,305643
4813,devdeer-stephan,1,0.00033,75116,24.57638,305643
4814,DevinBayly,1,0.00033,75117,24.57671,305643
4815,devinrsmith,1,0.00033,75118,24.57704,305643
4816,devon6686,1,0.00033,75119,24.57737,305643
4817,devops-corgi,1,0.00033,75120,24.57769,305643
4818,devrimbaris,1,0.00033,75121,24.57802,305643
4819,devrite,1,0.00033,75122,24.57835,305643
4820,DFINITYManu,1,0.00033,75123,24.57868,305643
4821,dgcom,1,0.00033,75124,24.57900,305643
4822,dgdosen,1,0.00033,75125,24.57933,305643
4823,dgendill,1,0.00033,75126,24.57966,305643
4824,didlawowo,1,0.00033,75127,24.57998,305643
4825,diegosasw,1,0.00033,75128,24.58031,305643
4826,DigitalDJ,1,0.00033,75129,24.58064,305643
4827,dimazest,1,0.00033,75130,24.58097,305643
4828,dinapappor,1,0.00033,75131,24.58129,305643
4829,dinesh14nish,1,0.00033,75132,24.58162,305643
4830,dinisinho,1,0.00033,75133,24.58195,305643
4831,discoverysupporteurogroup,1,0.00033,75134,24.58227,305643
4832,divergentdave,1,0.00033,75135,24.58260,305643
4833,djhworld,1,0.00033,75136,24.58293,305643
4834,djohnston89,1,0.00033,75137,24.58326,305643
4835,djotaku,1,0.00033,75138,24.58358,305643
4836,dleehr,1,0.00033,75139,24.58391,305643
4837,dleviminzi,1,0.00033,75140,24.58424,305643
4838,dmchandrasinghe,1,0.00033,75141,24.58456,305643
4839,dmenneck,1,0.00033,75142,24.58489,305643
4840,dmikov,1,0.00033,75143,24.58522,305643
4841,dmisc,1,0.00033,75144,24.58555,305643
4842,dmitri-lerko,1,0.00033,75145,24.58587,305643
4843,dmocek,1,0.00033,75146,24.58620,305643
4844,dmorand17,1,0.00033,75147,24.58653,305643
4845,dmurvihill,1,0.00033,75148,24.58685,305643
4846,dneto82,1,0.00033,75149,24.58718,305643
4847,dobbleg1000,1,0.00033,75150,24.58751,305643
4848,doganulus,1,0.00033,75151,24.58784,305643
4849,dojeee,1,0.00033,75152,24.58816,305643
4850,dokuhebi,1,0.00033,75153,24.58849,305643
4851,DominikWo,1,0.00033,75154,24.58882,305643
4852,domsew,1,0.00033,75155,24.58914,305643
4853,dong-lufei,1,0.00033,75156,24.58947,305643
4854,doompadee,1,0.00033,75157,24.58980,305643
4855,doraeric,1,0.00033,75158,24.59013,305643
4856,dorsiflexion,1,0.00033,75159,24.59045,305643
4857,Douile,1,0.00033,75160,24.59078,305643
4858,dove8023,1,0.00033,75161,24.59111,305643
4859,DovieW,1,0.00033,75162,24.59144,305643
4860,dpkshetty,1,0.00033,75163,24.59176,305643
4861,Dragas,1,0.00033,75164,24.59209,305643
4862,DrDaveD,1,0.00033,75165,24.59242,305643
4863,drobakowski,1,0.00033,75166,24.59274,305643
4864,droghio,1,0.00033,75167,24.59307,305643
4865,drpuur,1,0.00033,75168,24.59340,305643
4866,DrPyser,1,0.00033,75169,24.59373,305643
4867,DrSensor,1,0.00033,75170,24.59405,305643
4868,DrunkenBeetle,1,0.00033,75171,24.59438,305643
4869,drwilly,1,0.00033,75172,24.59471,305643
4870,Ds894,1,0.00033,75173,24.59503,305643
4871,Dsafe1,1,0.00033,75174,24.59536,305643
4872,dsbrng25b,1,0.00033,75175,24.59569,305643
4873,DspringL,1,0.00033,75176,24.59602,305643
4874,dstaley,1,0.00033,75177,24.59634,305643
4875,dszakallas,1,0.00033,75178,24.59667,305643
4876,dubmarm,1,0.00033,75179,24.59700,305643
4877,DudleyDursley,1,0.00033,75180,24.59732,305643
4878,dulhaver,1,0.00033,75181,24.59765,305643
4879,durabledata,1,0.00033,75182,24.59798,305643
4880,durandx,1,0.00033,75183,24.59831,305643
4881,dveselov,1,0.00033,75184,24.59863,305643
4882,dvishal485,1,0.00033,75185,24.59896,305643
4883,dweiller,1,0.00033,75186,24.59929,305643
4884,dweindl,1,0.00033,75187,24.59961,305643
4885,dyanakiev,1,0.00033,75188,24.59994,305643
4886,dybxin,1,0.00033,75189,24.60027,305643
4887,dylannevans,1,0.00033,75190,24.60060,305643
4888,dysinger,1,0.00033,75191,24.60092,305643
4889,dyskette,1,0.00033,75192,24.60125,305643
4890,e00E,1,0.00033,75193,24.60158,305643
4891,E100Beta,1,0.00033,75194,24.60190,305643
4892,e1m1,1,0.00033,75195,24.60223,305643
4893,eaepstein,1,0.00033,75196,24.60256,305643
4894,earlev4,1,0.00033,75197,24.60289,305643
4895,ebarrere,1,0.00033,75198,24.60321,305643
4896,Ech0bv,1,0.00033,75199,24.60354,305643
4897,echang0929,1,0.00033,75200,24.60387,305643
4898,econogit,1,0.00033,75201,24.60420,305643
4899,EdanBrooke,1,0.00033,75202,24.60452,305643
4900,edgarfzo,1,0.00033,75203,24.60485,305643
4901,edhar-rybak,1,0.00033,75204,24.60518,305643
4902,edikwhitman,1,0.00033,75205,24.60550,305643
4903,EdouardMYOB,1,0.00033,75206,24.60583,305643
4904,ed-randall-blk,1,0.00033,75207,24.60616,305643
4905,eduanb,1,0.00033,75208,24.60649,305643
4906,Edunzz,1,0.00033,75209,24.60681,305643
4907,edwbuck,1,0.00033,75210,24.60714,305643
4908,EFord36,1,0.00033,75211,24.60747,305643
4909,egorse,1,0.00033,75212,24.60779,305643
4910,egreen77,1,0.00033,75213,24.60812,305643
4911,eiginn,1,0.00033,75214,24.60845,305643
4912,eiglow,1,0.00033,75215,24.60878,305643
4913,EirikOpheim,1,0.00033,75216,24.60910,305643
4914,eivantsov,1,0.00033,75217,24.60943,305643
4915,ekinano,1,0.00033,75218,24.60976,305643
4916,elerch,1,0.00033,75219,24.61008,305643
4917,Elettronik,1,0.00033,75220,24.61041,305643
4918,elico,1,0.00033,75221,24.61074,305643
4919,eliteaz,1,0.00033,75222,24.61107,305643
4920,ellcs,1,0.00033,75223,24.61139,305643
4921,elmazzun,1,0.00033,75224,24.61172,305643
4922,Ember-ruby,1,0.00033,75225,24.61205,305643
4923,eMGabriel,1,0.00033,75226,24.61237,305643
4924,Emilgardis,1,0.00033,75227,24.61270,305643
4925,emmanuel-apau,1,0.00033,75228,24.61303,305643
4926,emmetoneillpdx,1,0.00033,75229,24.61336,305643
4927,Emptycz,1,0.00033,75230,24.61368,305643
4928,emsoucy,1,0.00033,75231,24.61401,305643
4929,endasexton,1,0.00033,75232,24.61434,305643
4930,EnderWolf50,1,0.00033,75233,24.61466,305643
4931,endiczek,1,0.00033,75234,24.61499,305643
4932,enescakir,1,0.00033,75235,24.61532,305643
4933,enesgur,1,0.00033,75236,24.61565,305643
4934,engelant,1,0.00033,75237,24.61597,305643
4935,engelmi,1,0.00033,75238,24.61630,305643
4936,epicwhale,1,0.00033,75239,24.61663,305643
4937,epikhinm,1,0.00033,75240,24.61696,305643
4938,equeim,1,0.00033,75241,24.61728,305643
4939,erdii,1,0.00033,75242,24.61761,305643
4940,erenatas,1,0.00033,75243,24.61794,305643
4941,ericgraf,1,0.00033,75244,24.61826,305643
4942,erikarvstedt,1,0.00033,75245,24.61859,305643
4943,erkules,1,0.00033,75246,24.61892,305643
4944,Erotemic,1,0.00033,75247,24.61925,305643
4945,ErrorNoInternet,1,0.00033,75248,24.61957,305643
4946,ErSoul,1,0.00033,75249,24.61990,305643
4947,erVeroBoccia,1,0.00033,75250,24.62023,305643
4948,ErwinP,1,0.00033,75251,24.62055,305643
4949,esemplare,1,0.00033,75252,24.62088,305643
4950,eternalevelyn,1,0.00033,75253,24.62121,305643
4951,euh2,1,0.00033,75254,24.62154,305643
4952,Evan7o,1,0.00033,75255,24.62186,305643
4953,evanlok,1,0.00033,75256,24.62219,305643
4954,Evedel,1,0.00033,75257,24.62252,305643
4955,evelynmitchell,1,0.00033,75258,24.62284,305643
4956,evgeny-roubinchtein,1,0.00033,75259,24.62317,305643
4957,EvilJohn,1,0.00033,75260,24.62350,305643
4958,ev-wilt,1,0.00033,75261,24.62383,305643
4959,excitoon,1,0.00033,75262,24.62415,305643
4960,exekias,1,0.00033,75263,24.62448,305643
4961,exploide,1,0.00033,75264,24.62481,305643
4962,extsalt,1,0.00033,75265,24.62513,305643
4963,eye942,1,0.00033,75266,24.62546,305643
4964,ezeik1991,1,0.00033,75267,24.62579,305643
4965,ezekg,1,0.00033,75268,24.62612,305643
4966,Ezetowers,1,0.00033,75269,24.62644,305643
4967,eztiwan,1,0.00033,75270,24.62677,305643
4968,F30,1,0.00033,75271,24.62710,305643
4969,fabian-marquardt,1,0.00033,75272,24.62742,305643
4970,fadnincx,1,0.00033,75273,24.62775,305643
4971,FairyPenguin,1,0.00033,75274,24.62808,305643
4972,faisalrazzak,1,0.00033,75275,24.62841,305643
4973,faitz,1,0.00033,75276,24.62873,305643
4974,faizanyounus10p,1,0.00033,75277,24.62906,305643
4975,fakedrake,1,0.00033,75278,24.62939,305643
4976,famfo,1,0.00033,75279,24.62972,305643
4977,fankiwu,1,0.00033,75280,24.63004,305643
4978,fanqiaojun,1,0.00033,75281,24.63037,305643
4979,fantastic2085,1,0.00033,75282,24.63070,305643
4980,fareszr,1,0.00033,75283,24.63102,305643
4981,fauust,1,0.00033,75284,24.63135,305643
4982,fb314159265,1,0.00033,75285,24.63168,305643
4983,fbeneventi,1,0.00033,75286,24.63201,305643
4984,fbruetting,1,0.00033,75287,24.63233,305643
4985,fbus,1,0.00033,75288,24.63266,305643
4986,fcarrus,1,0.00033,75289,24.63299,305643
4987,fcrespo82,1,0.00033,75290,24.63331,305643
4988,fdfytr,1,0.00033,75291,24.63364,305643
4989,federicomenaquintero,1,0.00033,75292,24.63397,305643
4990,FelixLahaie,1,0.00033,75293,24.63430,305643
4991,felixn,1,0.00033,75294,24.63462,305643
4992,Fenrikur,1,0.00033,75295,24.63495,305643
4993,ferakpeter,1,0.00033,75296,24.63528,305643
4994,ferferga,1,0.00033,75297,24.63560,305643
4995,fernando-redhat,1,0.00033,75298,24.63593,305643
4996,Fetish-Voltron,1,0.00033,75299,24.63626,305643
4997,Fexiven,1,0.00033,75300,24.63659,305643
4998,FF-AntiK,1,0.00033,75301,24.63691,305643
4999,fhlmbrg,1,0.00033,75302,24.63724,305643
5000,fhoxh,1,0.00033,75303,24.63757,305643
5001,fiburonsk,1,0.00033,75304,24.63789,305643
5002,FinalFortune,1,0.00033,75305,24.63822,305643
5003,findnature,1,0.00033,75306,24.63855,305643
5004,finkandreas,1,0.00033,75307,24.63888,305643
5005,finsterdexter,1,0.00033,75308,24.63920,305643
5006,finzzz,1,0.00033,75309,24.63953,305643
5007,firesoft-de,1,0.00033,75310,24.63986,305643
5008,fischer70,1,0.00033,75311,24.64018,305643
5009,fishbar,1,0.00033,75312,24.64051,305643
5010,fkluknav,1,0.00033,75313,24.64084,305643
5011,fl00r,1,0.00033,75314,24.64117,305643
5012,flashpixx,1,0.00033,75315,24.64149,305643
5013,FlaviusHouk,1,0.00033,75316,24.64182,305643
5014,flier268,1,0.00033,75317,24.64215,305643
5015,flobeier,1,0.00033,75318,24.64248,305643
5016,flomar77,1,0.00033,75319,24.64280,305643
5017,FlorentP42,1,0.00033,75320,24.64313,305643
5018,florentulve,1,0.00033,75321,24.64346,305643
5019,fluffy-b,1,0.00033,75322,24.64378,305643
5020,FLWFTW,1,0.00033,75323,24.64411,305643
5021,flyingbeefhead,1,0.00033,75324,24.64444,305643
5022,fmancardi,1,0.00033,75325,24.64477,305643
5023,fnkr,1,0.00033,75326,24.64509,305643
5024,fnordfish,1,0.00033,75327,24.64542,305643
5025,folex,1,0.00033,75328,24.64575,305643
5026,Follpvosten,1,0.00033,75329,24.64607,305643
5027,FooBarWidget,1,0.00033,75330,24.64640,305643
5028,foodev,1,0.00033,75331,24.64673,305643
5029,FootStark,1,0.00033,75332,24.64706,305643
5030,Footur,1,0.00033,75333,24.64738,305643
5031,ForceConstant,1,0.00033,75334,24.64771,305643
5032,Forest410,1,0.00033,75335,24.64804,305643
5033,formwandler,1,0.00033,75336,24.64836,305643
5034,forwardmeasure,1,0.00033,75337,24.64869,305643
5035,foxydevloper,1,0.00033,75338,24.64902,305643
5036,fp7,1,0.00033,75339,24.64935,305643
5037,frafra,1,0.00033,75340,24.64967,305643
5038,FrancescoNegri,1,0.00033,75341,24.65000,305643
5039,frank-compx,1,0.00033,75342,24.65033,305643
5040,franute,1,0.00033,75343,24.65065,305643
5041,frederik-b,1,0.00033,75344,24.65098,305643
5042,frippe75,1,0.00033,75345,24.65131,305643
5043,FritzsHero,1,0.00033,75346,24.65164,305643
5044,Frizzay,1,0.00033,75347,24.65196,305643
5045,Froggy232,1,0.00033,75348,24.65229,305643
5046,Frontesque,1,0.00033,75349,24.65262,305643
5047,frontmatec-rws,1,0.00033,75350,24.65294,305643
5048,FruityWelsh,1,0.00033,75351,24.65327,305643
5049,fuero,1,0.00033,75352,24.65360,305643
5050,FullofQuarks,1,0.00033,75353,24.65393,305643
5051,fxthomas,1,0.00033,75354,24.65425,305643
5052,FyiurAmron,1,0.00033,75355,24.65458,305643
5053,g0ddest,1,0.00033,75356,24.65491,305643
5054,G3N7,1,0.00033,75357,24.65524,305643
5055,gabfv,1,0.00033,75358,24.65556,305643
5056,gabr1elt,1,0.00033,75359,24.65589,305643
5057,GabrielDillenburg,1,0.00033,75360,24.65622,305643
5058,GabVenturato,1,0.00033,75361,24.65654,305643
5059,Galaxy102,1,0.00033,75362,24.65687,305643
5060,galindroasml,1,0.00033,75363,24.65720,305643
5061,gamaraan,1,0.00033,75364,24.65753,305643
5062,ganeshmurthy,1,0.00033,75365,24.65785,305643
5063,GarmannF,1,0.00033,75366,24.65818,305643
5064,gauravpriyolkar,1,0.00033,75367,24.65851,305643
5065,gbritton,1,0.00033,75368,24.65883,305643
5066,GCHQDeveloper926,1,0.00033,75369,24.65916,305643
5067,gdmn,1,0.00033,75370,24.65949,305643
5068,gebinic,1,0.00033,75371,24.65982,305643
5069,geekorous,1,0.00033,75372,24.66014,305643
5070,geekykant,1,0.00033,75373,24.66047,305643
5071,geniass,1,0.00033,75374,24.66080,305643
5072,geniys,1,0.00033,75375,24.66112,305643
5073,GenJob,1,0.00033,75376,24.66145,305643
5074,georgmu,1,0.00033,75377,24.66178,305643
5075,GeovaRS,1,0.00033,75378,24.66211,305643
5076,geraldwuhoo,1,0.00033,75379,24.66243,305643
5077,german-rios-gonzalez,1,0.00033,75380,24.66276,305643
5078,gersmann,1,0.00033,75381,24.66309,305643
5079,gewei2000,1,0.00033,75382,24.66341,305643
5080,ggeorgiev-gitlab,1,0.00033,75383,24.66374,305643
5081,giggls,1,0.00033,75384,24.66407,305643
5082,GiGurra,1,0.00033,75385,24.66440,305643
5083,gilgameshfreedom,1,0.00033,75386,24.66472,305643
5084,gimiki,1,0.00033,75387,24.66505,305643
5085,git-ere,1,0.00033,75388,24.66538,305643
5086,githubcek,1,0.00033,75389,24.66570,305643
5087,GitYangYang,1,0.00033,75390,24.66603,305643
5088,gjasny,1,0.00033,75391,24.66636,305643
5089,glaydston,1,0.00033,75392,24.66669,305643
5090,glego,1,0.00033,75393,24.66701,305643
5091,glennswest,1,0.00033,75394,24.66734,305643
5092,gleroi,1,0.00033,75395,24.66767,305643
5093,glinkaf,1,0.00033,75396,24.66800,305643
5094,gloatoriginal,1,0.00033,75397,24.66832,305643
5095,gmaghame,1,0.00033,75398,24.66865,305643
5096,gmankab,1,0.00033,75399,24.66898,305643
5097,gofabian,1,0.00033,75400,24.66930,305643
5098,gogodave,1,0.00033,75401,24.66963,305643
5099,goldman7911,1,0.00033,75402,24.66996,305643
5100,gone-for-coding,1,0.00033,75403,24.67029,305643
5101,GoodDingo,1,0.00033,75404,24.67061,305643
5102,gowri777,1,0.00033,75405,24.67094,305643
5103,gpaulsen,1,0.00033,75406,24.67127,305643
5104,Gr3at,1,0.00033,75407,24.67159,305643
5105,grafail,1,0.00033,75408,24.67192,305643
5106,grebokra,1,0.00033,75409,24.67225,305643
5107,gregorydulin,1,0.00033,75410,24.67258,305643
5108,GregSharpe1,1,0.00033,75411,24.67290,305643
5109,grepusername,1,0.00033,75412,24.67323,305643
5110,grigorig,1,0.00033,75413,24.67356,305643
5111,GrimmiMeloni,1,0.00033,75414,24.67388,305643
5112,Gross-Igna,1,0.00033,75415,24.67421,305643
5113,grozan,1,0.00033,75416,24.67454,305643
5114,grumpyjames,1,0.00033,75417,24.67487,305643
5115,grzegorznowak,1,0.00033,75418,24.67519,305643
5116,gssbzn,1,0.00033,75419,24.67552,305643
5117,gucci-on-fleek,1,0.00033,75420,24.67585,305643
5118,guedressel,1,0.00033,75421,24.67617,305643
5119,guillaume-d,1,0.00033,75422,24.67650,305643
5120,gvreddym,1,0.00033,75423,24.67683,305643
5121,gwd-at,1,0.00033,75424,24.67716,305643
5122,gwutz,1,0.00033,75425,24.67748,305643
5123,GYWang1983,1,0.00033,75426,24.67781,305643
5124,gzcwnk,1,0.00033,75427,24.67814,305643
5125,gzqx,1,0.00033,75428,24.67846,305643
5126,haarts,1,0.00033,75429,24.67879,305643
5127,habib,1,0.00033,75430,24.67912,305643
5128,hachi,1,0.00033,75431,24.67945,305643
5129,hadestructhor,1,0.00033,75432,24.67977,305643
5130,hadoop835,1,0.00033,75433,24.68010,305643
5131,hainesbg,1,0.00033,75434,24.68043,305643
5132,haisamido,1,0.00033,75435,24.68075,305643
5133,halberom,1,0.00033,75436,24.68108,305643
5134,hamzy,1,0.00033,75437,24.68141,305643
5135,hanm2019,1,0.00033,75438,24.68174,305643
5136,hanshal101,1,0.00033,75439,24.68206,305643
5137,Hans-J-Klose,1,0.00033,75440,24.68239,305643
5138,HanSooloo,1,0.00033,75441,24.68272,305643
5139,HansWeltar,1,0.00033,75442,24.68305,305643
5140,Haraven,1,0.00033,75443,24.68337,305643
5141,harbby,1,0.00033,75444,24.68370,305643
5142,harik8,1,0.00033,75445,24.68403,305643
5143,harleydk,1,0.00033,75446,24.68435,305643
5144,harryhmtse,1,0.00033,75447,24.68468,305643
5145,harshalparekh6,1,0.00033,75448,24.68501,305643
5146,hashkool,1,0.00033,75449,24.68534,305643
5147,hatkidchan,1,0.00033,75450,24.68566,305643
5148,hawkdavis,1,0.00033,75451,24.68599,305643
5149,hawkeng,1,0.00033,75452,24.68632,305643
5150,hawktang,1,0.00033,75453,24.68664,305643
5151,hayathms,1,0.00033,75454,24.68697,305643
5152,haydentherapper,1,0.00033,75455,24.68730,305643
5153,heathfx,1,0.00033,75456,24.68763,305643
5154,heftig,1,0.00033,75457,24.68795,305643
5155,heipa0,1,0.00033,75458,24.68828,305643
5156,heitbaum,1,0.00033,75459,24.68861,305643
5157,hellemo,1,0.00033,75460,24.68893,305643
5158,hellocthulhu,1,0.00033,75461,24.68926,305643
5159,hellodword,1,0.00033,75462,24.68959,305643
5160,hemajv,1,0.00033,75463,24.68992,305643
5161,henkkasoft,1,0.00033,75464,24.69024,305643
5162,henrik242,1,0.00033,75465,24.69057,305643
5163,henryhchchc,1,0.00033,75466,24.69090,305643
5164,herblet,1,0.00033,75467,24.69122,305643
5165,heretic098,1,0.00033,75468,24.69155,305643
5166,herrernst,1,0.00033,75469,24.69188,305643
5167,herzenschein,1,0.00033,75470,24.69221,305643
5168,hexmode,1,0.00033,75471,24.69253,305643
5169,hhenkel,1,0.00033,75472,24.69286,305643
5170,hhergeth,1,0.00033,75473,24.69319,305643
5171,hiaselhans,1,0.00033,75474,24.69351,305643
5172,hideo-nakamura,1,0.00033,75475,24.69384,305643
5173,hierfer,1,0.00033,75476,24.69417,305643
5174,hillar,1,0.00033,75477,24.69450,305643
5175,himakarej,1,0.00033,75478,24.69482,305643
5176,himanshugiripunje,1,0.00033,75479,24.69515,305643
5177,HistoryGift,1,0.00033,75480,24.69548,305643
5178,hitzhangjie,1,0.00033,75481,24.69581,305643
5179,hjoukl,1,0.00033,75482,24.69613,305643
5180,hkjn,1,0.00033,75483,24.69646,305643
5181,hllizi,1,0.00033,75484,24.69679,305643
5182,hmarsanch1,1,0.00033,75485,24.69711,305643
5183,hmkemppainen,1,0.00033,75486,24.69744,305643
5184,hmt,1,0.00033,75487,24.69777,305643
5185,hochrai,1,0.00033,75488,24.69810,305643
5186,Hollerweger,1,0.00033,75489,24.69842,305643
5187,holmanb,1,0.00033,75490,24.69875,305643
5188,hongweipeng,1,0.00033,75491,24.69908,305643
5189,hopeseekr,1,0.00033,75492,24.69940,305643
5190,HorlogeSkynet,1,0.00033,75493,24.69973,305643
5191,hreysenbach,1,0.00033,75494,24.70006,305643
5192,hrittich,1,0.00033,75495,24.70039,305643
5193,hscspring,1,0.00033,75496,24.70071,305643
5194,hsenol1,1,0.00033,75497,24.70104,305643
5195,hsirsulw,1,0.00033,75498,24.70137,305643
5196,hsoong,1,0.00033,75499,24.70169,305643
5197,huangzhenming,1,0.00033,75500,24.70202,305643
5198,HubbeKing,1,0.00033,75501,24.70235,305643
5199,Hubbitus,1,0.00033,75502,24.70268,305643
5200,hubertlepicki,1,0.00033,75503,24.70300,305643
5201,hughsie,1,0.00033,75504,24.70333,305643
5202,hugopeixoto,1,0.00033,75505,24.70366,305643
5203,hundehausen,1,0.00033,75506,24.70398,305643
5204,hunkeelin,1,0.00033,75507,24.70431,305643
5205,hurricanehrndz,1,0.00033,75508,24.70464,305643
5206,Hurricos,1,0.00033,75509,24.70497,305643
5207,huwcbjones,1,0.00033,75510,24.70529,305643
5208,hxcan,1,0.00033,75511,24.70562,305643
5209,hydrargyrum,1,0.00033,75512,24.70595,305643
5210,HypeFlighter,1,0.00033,75513,24.70627,305643
5211,iam-ehsan,1,0.00033,75514,24.70660,305643
5212,iamtimtok,1,0.00033,75515,24.70693,305643
5213,iamyb,1,0.00033,75516,24.70726,305643
5214,ianks,1,0.00033,75517,24.70758,305643
5215,ibejoeb,1,0.00033,75518,24.70791,305643
5216,ibyrktr,1,0.00033,75519,24.70824,305643
5217,icefery,1,0.00033,75520,24.70857,305643
5218,iceniveth,1,0.00033,75521,24.70889,305643
5219,Icephale,1,0.00033,75522,24.70922,305643
5220,Ichmed,1,0.00033,75523,24.70955,305643
5221,iClaus21,1,0.00033,75524,24.70987,305643
5222,IDS-Nobody,1,0.00033,75525,24.71020,305643
5223,ifaizan,1,0.00033,75526,24.71053,305643
5224,iFelho,1,0.00033,75527,24.71086,305643
5225,igbins09,1,0.00033,75528,24.71118,305643
5226,igitur,1,0.00033,75529,24.71151,305643
5227,igotinfected,1,0.00033,75530,24.71184,305643
5228,igwejk,1,0.00033,75531,24.71216,305643
5229,ijackson,1,0.00033,75532,24.71249,305643
5230,ikatyang,1,0.00033,75533,24.71282,305643
5231,ikem-krueger,1,0.00033,75534,24.71315,305643
5232,ikorolev93,1,0.00033,75535,24.71347,305643
5233,ikreymer,1,0.00033,75536,24.71380,305643
5234,ilpianista,1,0.00033,75537,24.71413,305643
5235,imbezol,1,0.00033,75538,24.71445,305643
5236,imjuanleonard,1,0.00033,75539,24.71478,305643
5237,imraulkays,1,0.00033,75540,24.71511,305643
5238,inakimalerba,1,0.00033,75541,24.71544,305643
5239,Inbaraj-S,1,0.00033,75542,24.71576,305643
5240,IncredibleLou,1,0.00033,75543,24.71609,305643
5241,Incrediblestorm,1,0.00033,75544,24.71642,305643
5242,inflatador,1,0.00033,75545,24.71674,305643
5243,inklesspen1rus,1,0.00033,75546,24.71707,305643
5244,iNoahNothing,1,0.00033,75547,24.71740,305643
5245,interpretazioni-mataniani,1,0.00033,75548,24.71773,305643
5246,inur93,1,0.00033,75549,24.71805,305643
5247,InvalidInterrupt,1,0.00033,75550,24.71838,305643
5248,irfanganzz14,1,0.00033,75551,24.71871,305643
5249,irigon,1,0.00033,75552,24.71903,305643
5250,Iroxxar,1,0.00033,75553,24.71936,305643
5251,irusensei,1,0.00033,75554,24.71969,305643
5252,isanych,1,0.00033,75555,24.72002,305643
5253,isomorphisms,1,0.00033,75556,24.72034,305643
5254,istiak101,1,0.00033,75557,24.72067,305643
5255,itzsimpl,1,0.00033,75558,24.72100,305643
5256,ivan-jli,1,0.00033,75559,24.72133,305643
5257,IvanTurgenev,1,0.00033,75560,24.72165,305643
5258,IVCrossway,1,0.00033,75561,24.72198,305643
5259,ivishalgandhi,1,0.00033,75562,24.72231,305643
5260,ivzhh,1,0.00033,75563,24.72263,305643
5261,iwt-kschoenrock,1,0.00033,75564,24.72296,305643
5262,j00bar,1,0.00033,75565,24.72329,305643
5263,j1nx,1,0.00033,75566,24.72362,305643
5264,j2ghz,1,0.00033,75567,24.72394,305643
5265,J3RN,1,0.00033,75568,24.72427,305643
5266,j4m3s-s,1,0.00033,75569,24.72460,305643
5267,Jaakkonen,1,0.00033,75570,24.72492,305643
5268,Jabbajabba87,1,0.00033,75571,24.72525,305643
5269,jacekskorzynski,1,0.00033,75572,24.72558,305643
5270,jackal-87,1,0.00033,75573,24.72591,305643
5271,Jackenmen,1,0.00033,75574,24.72623,305643
5272,jackevans43,1,0.00033,75575,24.72656,305643
5273,jacobfriedman,1,0.00033,75576,24.72689,305643
5274,jacob-kenin,1,0.00033,75577,24.72721,305643
5275,jaden-patel,1,0.00033,75578,24.72754,305643
5276,jadkik,1,0.00033,75579,24.72787,305643
5277,JadynWong,1,0.00033,75580,24.72820,305643
5278,JaeSim,1,0.00033,75581,24.72852,305643
5279,JAJA-WHB,1,0.00033,75582,24.72885,305643
5280,Jake-Gillberg,1,0.00033,75583,24.72918,305643
5281,jakubsemerak,1,0.00033,75584,24.72950,305643
5282,jakubvanecek,1,0.00033,75585,24.72983,305643
5283,jam01-lb,1,0.00033,75586,24.73016,305643
5284,jamars,1,0.00033,75587,24.73049,305643
5285,JamesKunstle,1,0.00033,75588,24.73081,305643
5286,James-Mat,1,0.00033,75589,24.73114,305643
5287,jan-hudec,1,0.00033,75590,24.73147,305643
5288,Jannik2099,1,0.00033,75591,24.73179,305643
5289,jansu76,1,0.00033,75592,24.73212,305643
5290,janwesterkamp,1,0.00033,75593,24.73245,305643
5291,japrogramer,1,0.00033,75594,24.73278,305643
5292,jarrellmark,1,0.00033,75595,24.73310,305643
5293,jasampson,1,0.00033,75596,24.73343,305643
5294,jasinner,1,0.00033,75597,24.73376,305643
5295,javadoggie1,1,0.00033,75598,24.73409,305643
5296,Javahelpdesk,1,0.00033,75599,24.73441,305643
5297,JavierValtierra,1,0.00033,75600,24.73474,305643
5298,jawadapl,1,0.00033,75601,24.73507,305643
5299,JayDi11a,1,0.00033,75602,24.73539,305643
5300,JayLeonX,1,0.00033,75603,24.73572,305643
5301,jazoom,1,0.00033,75604,24.73605,305643
5302,jbarriewalker,1,0.00033,75605,24.73638,305643
5303,JBartscher,1,0.00033,75606,24.73670,305643
5304,JB-Encrypt,1,0.00033,75607,24.73703,305643
5305,jblaine,1,0.00033,75608,24.73736,305643
5306,j-blandford,1,0.00033,75609,24.73768,305643
5307,jbluntz,1,0.00033,75610,24.73801,305643
5308,jcansdale,1,0.00033,75611,24.73834,305643
5309,jchen-9,1,0.00033,75612,24.73867,305643
5310,jdelker,1,0.00033,75613,24.73899,305643
5311,JdKock,1,0.00033,75614,24.73932,305643
5312,jdmcclur,1,0.00033,75615,24.73965,305643
5313,j-dominguez9,1,0.00033,75616,24.73997,305643
5314,jdoylei,1,0.00033,75617,24.74030,305643
5315,jdptechnc,1,0.00033,75618,24.74063,305643
5316,jdrowell,1,0.00033,75619,24.74096,305643
5317,jeankhawand,1,0.00033,75620,24.74128,305643
5318,jebw,1,0.00033,75621,24.74161,305643
5319,jeefberkey,1,0.00033,75622,24.74194,305643
5320,jeffj254,1,0.00033,75623,24.74226,305643
5321,jefflill,1,0.00033,75624,24.74259,305643
5322,Jeffy1992,1,0.00033,75625,24.74292,305643
5323,jemdv,1,0.00033,75626,24.74325,305643
5324,jensk-dev,1,0.00033,75627,24.74357,305643
5325,jensklose,1,0.00033,75628,24.74390,305643
5326,JeongHyeon-Kim,1,0.00033,75629,24.74423,305643
5327,jeremycaine,1,0.00033,75630,24.74455,305643
5328,jeremy-ebler-vineti,1,0.00033,75631,24.74488,305643
5329,jeremyfritzen,1,0.00033,75632,24.74521,305643
5330,jeroendev-one,1,0.00033,75633,24.74554,305643
5331,jerryTJ,1,0.00033,75634,24.74586,305643
5332,jeschb,1,0.00033,75635,24.74619,305643
5333,jescobar,1,0.00033,75636,24.74652,305643
5334,jesperronn,1,0.00033,75637,24.74685,305643
5335,jess-belliveau,1,0.00033,75638,24.74717,305643
5336,JessiAuro,1,0.00033,75639,24.74750,305643
5337,JesterBee,1,0.00033,75640,24.74783,305643
5338,jesulo,1,0.00033,75641,24.74815,305643
5339,jesusmah,1,0.00033,75642,24.74848,305643
5340,jeusdi,1,0.00033,75643,24.74881,305643
5341,jfayot,1,0.00033,75644,24.74914,305643
5342,jfmcbrayer,1,0.00033,75645,24.74946,305643
5343,jfrimmel,1,0.00033,75646,24.74979,305643
5344,jfrsantos,1,0.00033,75647,24.75012,305643
5345,jgallucci32,1,0.00033,75648,24.75044,305643
5346,jgraettinger,1,0.00033,75649,24.75077,305643
5347,jhaiduce,1,0.00033,75650,24.75110,305643
5348,jharmison-redhat,1,0.00033,75651,24.75143,305643
5349,jheidecker,1,0.00033,75652,24.75175,305643
5350,jhkrischel,1,0.00033,75653,24.75208,305643
5351,jhollowayj,1,0.00033,75654,24.75241,305643
5352,jhsware,1,0.00033,75655,24.75273,305643
5353,jialez0,1,0.00033,75656,24.75306,305643
5354,jiangchen2019,1,0.00033,75657,24.75339,305643
5355,jianlins,1,0.00033,75658,24.75372,305643
5356,jihaddaouk,1,0.00033,75659,24.75404,305643
5357,jimbali,1,0.00033,75660,24.75437,305643
5358,JimitSoni18,1,0.00033,75661,24.75470,305643
5359,jimmyliao,1,0.00033,75662,24.75502,305643
5360,jimmypw,1,0.00033,75663,24.75535,305643
5361,jingqiuELE,1,0.00033,75664,24.75568,305643
5362,Jipok,1,0.00033,75665,24.75601,305643
5363,jjcasmar,1,0.00033,75666,24.75633,305643
5364,jjcfrank,1,0.00033,75667,24.75666,305643
5365,jjfam1,1,0.00033,75668,24.75699,305643
5366,jjwatt,1,0.00033,75669,24.75731,305643
5367,jjzxcd,1,0.00033,75670,24.75764,305643
5368,jk,1,0.00033,75671,24.75797,305643
5369,jk2K,1,0.00033,75672,24.75830,305643
5370,jk-ulti,1,0.00033,75673,24.75862,305643
5371,jlamande,1,0.00033,75674,24.75895,305643
5372,jlindgren90,1,0.00033,75675,24.75928,305643
5373,jlstephens89,1,0.00033,75676,24.75961,305643
5374,jmflinuxtx,1,0.00033,75677,24.75993,305643
5375,jmileson,1,0.00033,75678,24.76026,305643
5376,JMSamudio,1,0.00033,75679,24.76059,305643
5377,jnabasny,1,0.00033,75680,24.76091,305643
5378,joaopalma5,1,0.00033,75681,24.76124,305643
5379,joaovictor-local,1,0.00033,75682,24.76157,305643
5380,job79,1,0.00033,75683,24.76190,305643
5381,jobs62,1,0.00033,75684,24.76222,305643
5382,joeashcraft,1,0.00033,75685,24.76255,305643
5383,joemccall86,1,0.00033,75686,24.76288,305643
5384,Joerg-Schoemer,1,0.00033,75687,24.76320,305643
5385,joewatza,1,0.00033,75688,24.76353,305643
5386,johannmayer,1,0.00033,75689,24.76386,305643
5387,johnlauder,1,0.00033,75690,24.76419,305643
5388,john-mullaney,1,0.00033,75691,24.76451,305643
5389,JohnnyBoi888,1,0.00033,75692,24.76484,305643
5390,JohnnyElvis,1,0.00033,75693,24.76517,305643
5391,Johnpc123,1,0.00033,75694,24.76549,305643
5392,johnziebro,1,0.00033,75695,24.76582,305643
5393,jonashaag,1,0.00033,75696,24.76615,305643
5394,JonasJonny,1,0.00033,75697,24.76648,305643
5395,jonathongardner,1,0.00033,75698,24.76680,305643
5396,jonganej,1,0.00033,75699,24.76713,305643
5397,jon-meadows,1,0.00033,75700,24.76746,305643
5398,jonnyso,1,0.00033,75701,24.76778,305643
5399,JonnyWhatshisface,1,0.00033,75702,24.76811,305643
5400,jonsmithers,1,0.00033,75703,24.76844,305643
5401,jontrossbach,1,0.00033,75704,24.76877,305643
5402,jorlando-elucid,1,0.00033,75705,24.76909,305643
5403,jornfranke,1,0.00033,75706,24.76942,305643
5404,josegomezr,1,0.00033,75707,24.76975,305643
5405,JoshPasek,1,0.00033,75708,24.77007,305643
5406,JoshuaBeighton,1,0.00033,75709,24.77040,305643
5407,joshuapetryk,1,0.00033,75710,24.77073,305643
5408,JoshuaWatt,1,0.00033,75711,24.77106,305643
5409,josnin,1,0.00033,75712,24.77138,305643
5410,JostLuebbe,1,0.00033,75713,24.77171,305643
5411,joubertredrat,1,0.00033,75714,24.77204,305643
5412,jpbow,1,0.00033,75715,24.77237,305643
5413,jpescalona,1,0.00033,75716,24.77269,305643
5414,jplatte,1,0.00033,75717,24.77302,305643
5415,jpork,1,0.00033,75718,24.77335,305643
5416,jpw1991,1,0.00033,75719,24.77367,305643
5417,J-qak,1,0.00033,75720,24.77400,305643
5418,jradxl,1,0.00033,75721,24.77433,305643
5419,jrobertson-insite,1,0.00033,75722,24.77466,305643
5420,jrobeson,1,0.00033,75723,24.77498,305643
5421,jrwren,1,0.00033,75724,24.77531,305643
5422,jsanta,1,0.00033,75725,24.77564,305643
5423,jsbiff,1,0.00033,75726,24.77596,305643
5424,jschwartz-cray,1,0.00033,75727,24.77629,305643
5425,jsearby,1,0.00033,75728,24.77662,305643
5426,jsirex,1,0.00033,75729,24.77695,305643
5427,jskacel,1,0.00033,75730,24.77727,305643
5428,jtumber-ibm,1,0.00033,75731,24.77760,305643
5429,judokan9,1,0.00033,75732,24.77793,305643
5430,Julian,1,0.00033,75733,24.77825,305643
5431,juliusfrost,1,0.00033,75734,24.77858,305643
5432,JuryA,1,0.00033,75735,24.77891,305643
5433,juspence,1,0.00033,75736,24.77924,305643
5434,just4id,1,0.00033,75737,24.77956,305643
5435,justinschuldt,1,0.00033,75738,24.77989,305643
5436,JustinTArthur,1,0.00033,75739,24.78022,305643
5437,Justinzobel,1,0.00033,75740,24.78054,305643
5438,justkash,1,0.00033,75741,24.78087,305643
5439,jvulloibm,1,0.00033,75742,24.78120,305643
5440,jwalzer,1,0.00033,75743,24.78153,305643
5441,jwhitaker-a365,1,0.00033,75744,24.78185,305643
5442,jwhitaker-swiftnav,1,0.00033,75745,24.78218,305643
5443,jwhostet,1,0.00033,75746,24.78251,305643
5444,jwildeboer,1,0.00033,75747,24.78283,305643
5445,JWollnik,1,0.00033,75748,24.78316,305643
5446,Jyckle,1,0.00033,75749,24.78349,305643
5447,jyennaco,1,0.00033,75750,24.78382,305643
5448,jyhyvari,1,0.00033,75751,24.78414,305643
5449,k11h-de,1,0.00033,75752,24.78447,305643
5450,K1DV5,1,0.00033,75753,24.78480,305643
5451,k33pn3xtlvl,1,0.00033,75754,24.78513,305643
5452,k4korea,1,0.00033,75755,24.78545,305643
5453,k8sorc,1,0.00033,75756,24.78578,305643
5454,KaiBroeker,1,0.00033,75757,24.78611,305643
5455,Kai-Chen,1,0.00033,75758,24.78643,305643
5456,KaiHufenbach,1,0.00033,75759,24.78676,305643
5457,kaitoy,1,0.00033,75760,24.78709,305643
5458,kajal072001,1,0.00033,75761,24.78742,305643
5459,kal1mera,1,0.00033,75762,24.78774,305643
5460,kaleal,1,0.00033,75763,24.78807,305643
5461,kamok,1,0.00033,75764,24.78840,305643
5462,kannkyo,1,0.00033,75765,24.78872,305643
5463,kapa28,1,0.00033,75766,24.78905,305643
5464,Kapkiai,1,0.00033,75767,24.78938,305643
5465,karanrn,1,0.00033,75768,24.78971,305643
5466,karfau,1,0.00033,75769,24.79003,305643
5467,Karotte128,1,0.00033,75770,24.79036,305643
5468,karthikeyansundararajan-agi,1,0.00033,75771,24.79069,305643
5469,kastriot-holocene,1,0.00033,75772,24.79101,305643
5470,kaushalyap,1,0.00033,75773,24.79134,305643
5471,kavya-karri,1,0.00033,75774,24.79167,305643
5472,kawing-chiu,1,0.00033,75775,24.79200,305643
5473,Kazade,1,0.00033,75776,24.79232,305643
5474,kbeswick,1,0.00033,75777,24.79265,305643
5475,kdeenkhoorn,1,0.00033,75778,24.79298,305643
5476,kekkoudesu,1,0.00033,75779,24.79330,305643
5477,kekyo,1,0.00033,75780,24.79363,305643
5478,KEO-cls-eedi,1,0.00033,75781,24.79396,305643
5479,keshavsharma-github,1,0.00033,75782,24.79429,305643
5480,keuko,1,0.00033,75783,24.79461,305643
5481,kevball2,1,0.00033,75784,24.79494,305643
5482,kevinelliott,1,0.00033,75785,24.79527,305643
5483,kevinGan,1,0.00033,75786,24.79559,305643
5484,kevinlee999,1,0.00033,75787,24.79592,305643
5485,kevin-medme,1,0.00033,75788,24.79625,305643
5486,kgangerlm,1,0.00033,75789,24.79658,305643
5487,khall1026,1,0.00033,75790,24.79690,305643
5488,khanetor,1,0.00033,75791,24.79723,305643
5489,kid1412621,1,0.00033,75792,24.79756,305643
5490,kikorb,1,0.00033,75793,24.79789,305643
5491,killinq-joke,1,0.00033,75794,24.79821,305643
5492,kilowhiskey,1,0.00033,75795,24.79854,305643
5493,kinafu,1,0.00033,75796,24.79887,305643
5494,kingcdavid,1,0.00033,75797,24.79919,305643
5495,kingOf0,1,0.00033,75798,24.79952,305643
5496,kir68k,1,0.00033,75799,24.79985,305643
5497,kisame217,1,0.00033,75800,24.80018,305643
5498,kislow,1,0.00033,75801,24.80050,305643
5499,kit-ty-kate,1,0.00033,75802,24.80083,305643
5500,klakegg,1,0.00033,75803,24.80116,305643
5501,klobukowski,1,0.00033,75804,24.80148,305643
5502,kmadridr,1,0.00033,75805,24.80181,305643
5503,knacky34,1,0.00033,75806,24.80214,305643
5504,koceg,1,0.00033,75807,24.80247,305643
5505,kodoskyx,1,0.00033,75808,24.80279,305643
5506,koebi001,1,0.00033,75809,24.80312,305643
5507,kohenkatz,1,0.00033,75810,24.80345,305643
5508,kohnish,1,0.00033,75811,24.80377,305643
5509,komima,1,0.00033,75812,24.80410,305643
5510,KongrooParadox,1,0.00033,75813,24.80443,305643
5511,konradmb,1,0.00033,75814,24.80476,305643
5512,koolay,1,0.00033,75815,24.80508,305643
5513,koppor,1,0.00033,75816,24.80541,305643
5514,koursoh,1,0.00033,75817,24.80574,305643
5515,kousun12,1,0.00033,75818,24.80606,305643
5516,Kovah,1,0.00033,75819,24.80639,305643
5517,koweblomke,1,0.00033,75820,24.80672,305643
5518,kowu-zf,1,0.00033,75821,24.80705,305643
5519,kpansky,1,0.00033,75822,24.80737,305643
5520,KR411-prog,1,0.00033,75823,24.80770,305643
5521,krevsbech,1,0.00033,75824,24.80803,305643
5522,kris7t,1,0.00033,75825,24.80835,305643
5523,krishnagopal-jobs,1,0.00033,75826,24.80868,305643
5524,krishnanrajah,1,0.00033,75827,24.80901,305643
5525,krishnaraman001,1,0.00033,75828,24.80934,305643
5526,krlxgrn,1,0.00033,75829,24.80966,305643
5527,krmao,1,0.00033,75830,24.80999,305643
5528,krrrrrrrrrrr,1,0.00033,75831,24.81032,305643
5529,krvpal,1,0.00033,75832,24.81065,305643
5530,krystian-panek-vmltech,1,0.00033,75833,24.81097,305643
5531,kt-pham,1,0.00033,75834,24.81130,305643
5532,kuanyui,1,0.00033,75835,24.81163,305643
5533,KUGA2,1,0.00033,75836,24.81195,305643
5534,kumar-sanchay,1,0.00033,75837,24.81228,305643
5535,kunjolee28,1,0.00033,75838,24.81261,305643
5536,Kurotamashi94,1,0.00033,75839,24.81294,305643
5537,kuwv,1,0.00033,75840,24.81326,305643
5538,k-yarovoy-samsung,1,0.00033,75841,24.81359,305643
5539,Kybeer,1,0.00033,75842,24.81392,305643
5540,kybercryst4l,1,0.00033,75843,24.81424,305643
5541,kyriakos,1,0.00033,75844,24.81457,305643
5542,L0g4n,1,0.00033,75845,24.81490,305643
5543,lacikawiz,1,0.00033,75846,24.81523,305643
5544,lacinos,1,0.00033,75847,24.81555,305643
5545,lacosteque,1,0.00033,75848,24.81588,305643
5546,LadislavPataki,1,0.00033,75849,24.81621,305643
5547,Laess3r,1,0.00033,75850,24.81653,305643
5548,lafleurdeboum,1,0.00033,75851,24.81686,305643
5549,LangDuTienTu,1,0.00033,75852,24.81719,305643
5550,lanwin,1,0.00033,75853,24.81752,305643
5551,laped83,1,0.00033,75854,24.81784,305643
5552,LarsAC,1,0.00033,75855,24.81817,305643
5553,Larsjep,1,0.00033,75856,24.81850,305643
5554,lastthyme,1,0.00033,75857,24.81882,305643
5555,LaszloGombos,1,0.00033,75858,24.81915,305643
5556,laszlo-major,1,0.00033,75859,24.81948,305643
5557,laurensV,1,0.00033,75860,24.81981,305643
5558,lauromoura,1,0.00033,75861,24.82013,305643
5559,lazarovbonifacio,1,0.00033,75862,24.82046,305643
5560,lazyzyf,1,0.00033,75863,24.82079,305643
5561,lbarcziova,1,0.00033,75864,24.82111,305643
5562,lbouriez,1,0.00033,75865,24.82144,305643
5563,lcaw,1,0.00033,75866,24.82177,305643
5564,lcbm,1,0.00033,75867,24.82210,305643
5565,ldesgrange,1,0.00033,75868,24.82242,305643
5566,leblancfg,1,0.00033,75869,24.82275,305643
5567,lednerb1,1,0.00033,75870,24.82308,305643
5568,legaul-cisco,1,0.00033,75871,24.82341,305643
5569,lenaing,1,0.00033,75872,24.82373,305643
5570,leogps,1,0.00033,75873,24.82406,305643
5571,leon0306,1,0.00033,75874,24.82439,305643
5572,leonardoblanco,1,0.00033,75875,24.82471,305643
5573,leonwulf,1,0.00033,75876,24.82504,305643
5574,LethargicDeveloper,1,0.00033,75877,24.82537,305643
5575,levi-jcbs,1,0.00033,75878,24.82570,305643
5576,LGinC,1,0.00033,75879,24.82602,305643
5577,lgonzalezsa,1,0.00033,75880,24.82635,305643
5578,liangdy678,1,0.00033,75881,24.82668,305643
5579,libfitz,1,0.00033,75882,24.82700,305643
5580,lieinsun,1,0.00033,75883,24.82733,305643
5581,lielfr,1,0.00033,75884,24.82766,305643
5582,ligowigo,1,0.00033,75885,24.82799,305643
5583,lihe6666,1,0.00033,75886,24.82831,305643
5584,lihuanshuai,1,0.00033,75887,24.82864,305643
5585,liketechnik,1,0.00033,75888,24.82897,305643
5586,lilac,1,0.00033,75889,24.82929,305643
5587,lilnasy,1,0.00033,75890,24.82962,305643
5588,limoou,1,0.00033,75891,24.82995,305643
5589,Lin-Buo-Ren,1,0.00033,75892,24.83028,305643
5590,Lingerhk,1,0.00033,75893,24.83060,305643
5591,lingling9000,1,0.00033,75894,24.83093,305643
5592,lio24,1,0.00033,75895,24.83126,305643
5593,Liripo,1,0.00033,75896,24.83158,305643
5594,liskin,1,0.00033,75897,24.83191,305643
5595,liteljaime,1,0.00033,75898,24.83224,305643
5596,LittFlower,1,0.00033,75899,24.83257,305643
5597,LittleNewton,1,0.00033,75900,24.83289,305643
5598,liujing66,1,0.00033,75901,24.83322,305643
5599,liuyatao,1,0.00033,75902,24.83355,305643
5600,ljubisap,1,0.00033,75903,24.83387,305643
5601,llhardy1A,1,0.00033,75904,24.83420,305643
5602,lmdkfs,1,0.00033,75905,24.83453,305643
5603,lnnwvr,1,0.00033,75906,24.83486,305643
5604,lo1tuma,1,0.00033,75907,24.83518,305643
5605,locriacyber,1,0.00033,75908,24.83551,305643
5606,lonnietc,1,0.00033,75909,24.83584,305643
5607,loopback-kr,1,0.00033,75910,24.83617,305643
5608,lordbeerus0505,1,0.00033,75911,24.83649,305643
5609,lost-carrier,1,0.00033,75912,24.83682,305643
5610,lostz,1,0.00033,75913,24.83715,305643
5611,louseee,1,0.00033,75914,24.83747,305643
5612,lpmitchell,1,0.00033,75915,24.83780,305643
5613,LQss11,1,0.00033,75916,24.83813,305643
5614,LSaldyt,1,0.00033,75917,24.83846,305643
5615,lschierer,1,0.00033,75918,24.83878,305643
5616,lsunsi,1,0.00033,75919,24.83911,305643
5617,lucasbasquerotto,1,0.00033,75920,24.83944,305643
5618,luciodaou,1,0.00033,75921,24.83976,305643
5619,lucywyman,1,0.00033,75922,24.84009,305643
5620,lueschem,1,0.00033,75923,24.84042,305643
5621,Lueton,1,0.00033,75924,24.84075,305643
5622,luisfilsilva,1,0.00033,75925,24.84107,305643
5623,luistrigueiros,1,0.00033,75926,24.84140,305643
5624,luizen,1,0.00033,75927,24.84173,305643
5625,lukas-christ,1,0.00033,75928,24.84205,305643
5626,lukegeor,1,0.00033,75929,24.84238,305643
5627,LukeMauldin,1,0.00033,75930,24.84271,305643
5628,lukts30,1,0.00033,75931,24.84304,305643
5629,lumax007,1,0.00033,75932,24.84336,305643
5630,luneo7,1,0.00033,75933,24.84369,305643
5631,luuu-xu,1,0.00033,75934,24.84402,305643
5632,lvyaoting,1,0.00033,75935,24.84434,305643
5633,lwk694,1,0.00033,75936,24.84467,305643
5634,Lxrdknows77,1,0.00033,75937,24.84500,305643
5635,lyj199907,1,0.00033,75938,24.84533,305643
5636,lzhang10,1,0.00033,75939,24.84565,305643
5637,M0ses,1,0.00033,75940,24.84598,305643
5638,m3freak,1,0.00033,75941,24.84631,305643
5639,m8nmueller,1,0.00033,75942,24.84663,305643
5640,maage,1,0.00033,75943,24.84696,305643
5641,maciej-trebacz,1,0.00033,75944,24.84729,305643
5642,mackushev,1,0.00033,75945,24.84762,305643
5643,madhadee,1,0.00033,75946,24.84794,305643
5644,madhuravius,1,0.00033,75947,24.84827,305643
5645,Madko,1,0.00033,75948,24.84860,305643
5646,maestropandy,1,0.00033,75949,24.84893,305643
5647,mafeifan,1,0.00033,75950,24.84925,305643
5648,MagicTrevor,1,0.00033,75951,24.84958,305643
5649,magikmw,1,0.00033,75952,24.84991,305643
5650,magnus-longva-bouvet,1,0.00033,75953,24.85023,305643
5651,mahendraredwarasila-snc,1,0.00033,75954,24.85056,305643
5652,mahkoh,1,0.00033,75955,24.85089,305643
5653,MahmoudChik,1,0.00033,75956,24.85122,305643
5654,maica1,1,0.00033,75957,24.85154,305643
5655,majoer,1,0.00033,75958,24.85187,305643
5656,makuche,1,0.00033,75959,24.85220,305643
5657,m-alcu,1,0.00033,75960,24.85252,305643
5658,malins,1,0.00033,75961,24.85285,305643
5659,malte-v,1,0.00033,75962,24.85318,305643
5660,mamift,1,0.00033,75963,24.85351,305643
5661,mancaus,1,0.00033,75964,24.85383,305643
5662,manderson-te,1,0.00033,75965,24.85416,305643
5663,manico,1,0.00033,75966,24.85449,305643
5664,manjunathpremkumar,1,0.00033,75967,24.85481,305643
5665,manojchander6,1,0.00033,75968,24.85514,305643
5666,Manozco,1,0.00033,75969,24.85547,305643
5667,manuelfrei,1,0.00033,75970,24.85580,305643
5668,manunixgit,1,0.00033,75971,24.85612,305643
5669,maoxuner,1,0.00033,75972,24.85645,305643
5670,Maple1401,1,0.00033,75973,24.85678,305643
5671,marakomer,1,0.00033,75974,24.85710,305643
5672,Maransatto,1,0.00033,75975,24.85743,305643
5673,maratsal,1,0.00033,75976,24.85776,305643
5674,marc-gizmo,1,0.00033,75977,24.85809,305643
5675,Marco4k,1,0.00033,75978,24.85841,305643
5676,marco4net,1,0.00033,75979,24.85874,305643
5677,MarcoR83,1,0.00033,75980,24.85907,305643
5678,marcosscriven,1,0.00033,75981,24.85939,305643
5679,marcruef,1,0.00033,75982,24.85972,305643
5680,marcwittke,1,0.00033,75983,24.86005,305643
5681,MarienL1995,1,0.00033,75984,24.86038,305643
5682,marikaj123,1,0.00033,75985,24.86070,305643
5683,markflarup,1,0.00033,75986,24.86103,305643
5684,MarkKharitonov,1,0.00033,75987,24.86136,305643
5685,markonen,1,0.00033,75988,24.86169,305643
5686,MarkZhangTW,1,0.00033,75989,24.86201,305643
5687,marmotae,1,0.00033,75990,24.86234,305643
5688,marquesmateus93,1,0.00033,75991,24.86267,305643
5689,marschal,1,0.00033,75992,24.86299,305643
5690,martdj,1,0.00033,75993,24.86332,305643
5691,martin-dziura-ot,1,0.00033,75994,24.86365,305643
5692,martin-endress,1,0.00033,75995,24.86398,305643
5693,marvin659,1,0.00033,75996,24.86430,305643
5694,marvingreenberg,1,0.00033,75997,24.86463,305643
5695,Marwel,1,0.00033,75998,24.86496,305643
5696,masch,1,0.00033,75999,24.86528,305643
5697,mash-graz,1,0.00033,76000,24.86561,305643
5698,masonzaizhe2,1,0.00033,76001,24.86594,305643
5699,maspetsberger,1,0.00033,76002,24.86627,305643
5700,mat8913,1,0.00033,76003,24.86659,305643
5701,mati865,1,0.00033,76004,24.86692,305643
5702,matt-allan,1,0.00033,76005,24.86725,305643
5703,mattFernandezNGC,1,0.00033,76006,24.86757,305643
5704,matthenry87,1,0.00033,76007,24.86790,305643
5705,matthewpi,1,0.00033,76008,24.86823,305643
5706,matthiasclasen,1,0.00033,76009,24.86856,305643
5707,mattiasgiese,1,0.00033,76010,24.86888,305643
5708,matusmarhefka,1,0.00033,76011,24.86921,305643
5709,mauromalara,1,0.00033,76012,24.86954,305643
5710,mauruco,1,0.00033,76013,24.86986,305643
5711,maxim-v4s,1,0.00033,76014,24.87019,305643
5712,maxmeyer,1,0.00033,76015,24.87052,305643
5713,maxnatt,1,0.00033,76016,24.87085,305643
5714,maxsatula,1,0.00033,76017,24.87117,305643
5715,maxtorete,1,0.00033,76018,24.87150,305643
5716,mazzz1y,1,0.00033,76019,24.87183,305643
5717,MB175,1,0.00033,76020,24.87215,305643
5718,mbaroukh,1,0.00033,76021,24.87248,305643
5719,mbartlett21,1,0.00033,76022,24.87281,305643
5720,mbranchnl,1,0.00033,76023,24.87314,305643
5721,mccaig,1,0.00033,76024,24.87346,305643
5722,mcerverc,1,0.00033,76025,24.87379,305643
5723,mchataigner,1,0.00033,76026,24.87412,305643
5724,mchouque,1,0.00033,76027,24.87445,305643
5725,mcmah309,1,0.00033,76028,24.87477,305643
5726,mcman2017,1,0.00033,76029,24.87510,305643
5727,mcodev31,1,0.00033,76030,24.87543,305643
5728,mcv21,1,0.00033,76031,24.87575,305643
5729,mdddj,1,0.00033,76032,24.87608,305643
5730,mdwajid095,1,0.00033,76033,24.87641,305643
5731,meck93,1,0.00033,76034,24.87674,305643
5732,medas19,1,0.00033,76035,24.87706,305643
5733,megabreit,1,0.00033,76036,24.87739,305643
5734,meghnasiingh,1,0.00033,76037,24.87772,305643
5735,mehdik2023,1,0.00033,76038,24.87804,305643
5736,meleschi,1,0.00033,76039,24.87837,305643
5737,MelonPowerr,1,0.00033,76040,24.87870,305643
5738,MericCelik,1,0.00033,76041,24.87903,305643
5739,merspieler,1,0.00033,76042,24.87935,305643
5740,metafaniel,1,0.00033,76043,24.87968,305643
5741,mettekou,1,0.00033,76044,24.88001,305643
5742,mfenniak,1,0.00033,76045,24.88033,305643
5743,mgbowen,1,0.00033,76046,24.88066,305643
5744,mgorsk1,1,0.00033,76047,24.88099,305643
5745,mgs255,1,0.00033,76048,24.88132,305643
5746,mhdonnelly,1,0.00033,76049,24.88164,305643
5747,mhemken-vts,1,0.00033,76050,24.88197,305643
5748,Miaourt,1,0.00033,76051,24.88230,305643
5749,mibadim,1,0.00033,76052,24.88262,305643
5750,micaeb,1,0.00033,76053,24.88295,305643
5751,micafego,1,0.00033,76054,24.88328,305643
5752,michaeladler,1,0.00033,76055,24.88361,305643
5753,michaelcress,1,0.00033,76056,24.88393,305643
5754,michaelelleby,1,0.00033,76057,24.88426,305643
5755,michaelsafyan,1,0.00033,76058,24.88459,305643
5756,MichelMan,1,0.00033,76059,24.88491,305643
5757,michelmetran,1,0.00033,76060,24.88524,305643
5758,MICOC,1,0.00033,76061,24.88557,305643
5759,Micro-Bites,1,0.00033,76062,24.88590,305643
5760,MidnessX,1,0.00033,76063,24.88622,305643
5761,miensol,1,0.00033,76064,24.88655,305643
5762,migimigi,1,0.00033,76065,24.88688,305643
5763,MihaMarkic,1,0.00033,76066,24.88721,305643
5764,mikedep333,1,0.00033,76067,24.88753,305643
5765,MikeKroell,1,0.00033,76068,24.88786,305643
5766,mikelolasagasti,1,0.00033,76069,24.88819,305643
5767,MikeNicholls,1,0.00033,76070,24.88851,305643
5768,mikerubicon,1,0.00033,76071,24.88884,305643
5769,mikesbytes,1,0.00033,76072,24.88917,305643
5770,milindw96,1,0.00033,76073,24.88950,305643
5771,Milkysunshine,1,0.00033,76074,24.88982,305643
5772,miltiadis-kallianis-klarrio,1,0.00033,76075,24.89015,305643
5773,mimi1vx,1,0.00033,76076,24.89048,305643
5774,mindon,1,0.00033,76077,24.89080,305643
5775,minecraft2048,1,0.00033,76078,24.89113,305643
5776,mingregister,1,0.00033,76079,24.89146,305643
5777,minhng99,1,0.00033,76080,24.89179,305643
5778,minzdrav,1,0.00033,76081,24.89211,305643
5779,mipopescu,1,0.00033,76082,24.89244,305643
5780,mirkobrombin,1,0.00033,76083,24.89277,305643
5781,MissaouiChedy,1,0.00033,76084,24.89309,305643
5782,missdoor,1,0.00033,76085,24.89342,305643
5783,missedone,1,0.00033,76086,24.89375,305643
5784,mithucste30,1,0.00033,76087,24.89408,305643
5785,mitza-oci,1,0.00033,76088,24.89440,305643
5786,mixpix3ls,1,0.00033,76089,24.89473,305643
5787,MiyKh,1,0.00033,76090,24.89506,305643
5788,mjg,1,0.00033,76091,24.89538,305643
5789,mkaranki,1,0.00033,76092,24.89571,305643
5790,mkeedlinger,1,0.00033,76093,24.89604,305643
5791,mkozono,1,0.00033,76094,24.89637,305643
5792,mkyman,1,0.00033,76095,24.89669,305643
5793,mlausch1963,1,0.00033,76096,24.89702,305643
5794,mldulaney,1,0.00033,76097,24.89735,305643
5795,mlezajic,1,0.00033,76098,24.89767,305643
5796,mlouriz,1,0.00033,76099,24.89800,305643
5797,mlthlschr,1,0.00033,76100,24.89833,305643
5798,mmaguigan,1,0.00033,76101,24.89866,305643
5799,mmohaveri,1,0.00033,76102,24.89898,305643
5800,mogeko,1,0.00033,76103,24.89931,305643
5801,mohammad-sherafat-41,1,0.00033,76104,24.89964,305643
5802,mohsinsarwari,1,0.00033,76105,24.89996,305643
5803,mondo192,1,0.00033,76106,24.90029,305643
5804,moneytoo,1,0.00033,76107,24.90062,305643
5805,mongoliaredmountain,1,0.00033,76108,24.90095,305643
5806,monodot,1,0.00033,76109,24.90127,305643
5807,mook,1,0.00033,76110,24.90160,305643
5808,mooneym17,1,0.00033,76111,24.90193,305643
5809,morgaesis,1,0.00033,76112,24.90226,305643
5810,MorganBauer,1,0.00033,76113,24.90258,305643
5811,morgans2,1,0.00033,76114,24.90291,305643
5812,Mortom123,1,0.00033,76115,24.90324,305643
5813,mostoja,1,0.00033,76116,24.90356,305643
5814,mouri11,1,0.00033,76117,24.90389,305643
5815,Mouwrice,1,0.00033,76118,24.90422,305643
5816,mpils,1,0.00033,76119,24.90455,305643
5817,mpolanski,1,0.00033,76120,24.90487,305643
5818,mqj0712,1,0.00033,76121,24.90520,305643
5819,MrFatts,1,0.00033,76122,24.90553,305643
5820,mridlen,1,0.00033,76123,24.90585,305643
5821,mrinaljhamb,1,0.00033,76124,24.90618,305643
5822,Mrls94,1,0.00033,76125,24.90651,305643
5823,mrnerdhair,1,0.00033,76126,24.90684,305643
5824,mrrudy,1,0.00033,76127,24.90716,305643
5825,mrvarchar,1,0.00033,76128,24.90749,305643
5826,mrwilby,1,0.00033,76129,24.90782,305643
5827,MrZhaoAtBJ,1,0.00033,76130,24.90814,305643
5828,MrZXR,1,0.00033,76131,24.90847,305643
5829,ms2021email,1,0.00033,76132,24.90880,305643
5830,mscharley,1,0.00033,76133,24.90913,305643
5831,M-S-ETB,1,0.00033,76134,24.90945,305643
5832,msgilligan,1,0.00033,76135,24.90978,305643
5833,mshlain,1,0.00033,76136,24.91011,305643
5834,msillence,1,0.00033,76137,24.91043,305643
5835,mskarbek-bnp,1,0.00033,76138,24.91076,305643
5836,mtorromeo,1,0.00033,76139,24.91109,305643
5837,mtttcgcg,1,0.00033,76140,24.91142,305643
5838,MuchHustle,1,0.00033,76141,24.91174,305643
5839,mudnaes,1,0.00033,76142,24.91207,305643
5840,muellert,1,0.00033,76143,24.91240,305643
5841,mufeedali,1,0.00033,76144,24.91272,305643
5842,muhmuhten,1,0.00033,76145,24.91305,305643
5843,muhzii,1,0.00033,76146,24.91338,305643
5844,mulongfu,1,0.00033,76147,24.91371,305643
5845,multun,1,0.00033,76148,24.91403,305643
5846,mveldink,1,0.00033,76149,24.91436,305643
5847,mvmn,1,0.00033,76150,24.91469,305643
5848,mwgamble,1,0.00033,76151,24.91502,305643
5849,mwperina,1,0.00033,76152,24.91534,305643
5850,mwri,1,0.00033,76153,24.91567,305643
5851,mwtrigg,1,0.00033,76154,24.91600,305643
5852,MyForest,1,0.00033,76155,24.91632,305643
5853,n00j,1,0.00033,76156,24.91665,305643
5854,n1nj4-r4cc00n,1,0.00033,76157,24.91698,305643
5855,n49o7,1,0.00033,76158,24.91731,305643
5856,nagi-daintta,1,0.00033,76159,24.91763,305643
5857,naiksujit,1,0.00033,76160,24.91796,305643
5858,nalin,1,0.00033,76161,24.91829,305643
5859,NappySprout,1,0.00033,76162,24.91861,305643
5860,narendrachoudhary,1,0.00033,76163,24.91894,305643
5861,nariba,1,0.00033,76164,24.91927,305643
5862,nataliepina,1,0.00033,76165,24.91960,305643
5863,naterichman,1,0.00033,76166,24.91992,305643
5864,nathan-hook,1,0.00033,76167,24.92025,305643
5865,natiiix,1,0.00033,76168,24.92058,305643
5866,Nauscar,1,0.00033,76169,24.92090,305643
5867,naveensky,1,0.00033,76170,24.92123,305643
5868,navylover,1,0.00033,76171,24.92156,305643
5869,naya451,1,0.00033,76172,24.92189,305643
5870,naymore,1,0.00033,76173,24.92221,305643
5871,nbenns,1,0.00033,76174,24.92254,305643
5872,ncapps,1,0.00033,76175,24.92287,305643
5873,ncruces,1,0.00033,76176,24.92319,305643
5874,ne20002,1,0.00033,76177,24.92352,305643
5875,nealey,1,0.00033,76178,24.92385,305643
5876,necccc,1,0.00033,76179,24.92418,305643
5877,necrose99,1,0.00033,76180,24.92450,305643
5878,NeffIsBack,1,0.00033,76181,24.92483,305643
5879,negrel,1,0.00033,76182,24.92516,305643
5880,NeilDavisNPS,1,0.00033,76183,24.92548,305643
5881,neilspage2,1,0.00033,76184,24.92581,305643
5882,nekolyshe,1,0.00033,76185,24.92614,305643
5883,NeoEffle,1,0.00033,76186,24.92647,305643
5884,NerdToMars,1,0.00033,76187,24.92679,305643
5885,netFLOw95,1,0.00033,76188,24.92712,305643
5886,nettnikl,1,0.00033,76189,24.92745,305643
5887,netvl,1,0.00033,76190,24.92778,305643
5888,Neustradamus,1,0.00033,76191,24.92810,305643
5889,nevermore-muyi,1,0.00033,76192,24.92843,305643
5890,NewtonTrendy,1,0.00033,76193,24.92876,305643
5891,nezartarbin,1,0.00033,76194,24.92908,305643
5892,ngerakines,1,0.00033,76195,24.92941,305643
5893,nguyentthai96,1,0.00033,76196,24.92974,305643
5894,nhlpl,1,0.00033,76197,24.93007,305643
5895,nia1048596,1,0.00033,76198,24.93039,305643
5896,NiccoBiondi,1,0.00033,76199,24.93072,305643
5897,NickelLiang,1,0.00033,76200,24.93105,305643
5898,nickles95,1,0.00033,76201,24.93137,305643
5899,Nick-The-Uncharted,1,0.00033,76202,24.93170,305643
5900,nickurak,1,0.00033,76203,24.93203,305643
5901,nicocrm,1,0.00033,76204,24.93236,305643
5902,nigwil,1,0.00033,76205,24.93268,305643
5903,nikitakuchur,1,0.00033,76206,24.93301,305643
5904,nikital,1,0.00033,76207,24.93334,305643
5905,nikita-nazemtsev,1,0.00033,76208,24.93366,305643
5906,nikolaseu,1,0.00033,76209,24.93399,305643
5907,nilesj,1,0.00033,76210,24.93432,305643
5908,nilskuehme,1,0.00033,76211,24.93465,305643
5909,NINJAFURRY,1,0.00033,76212,24.93497,305643
5910,nirmal-j-patel,1,0.00033,76213,24.93530,305643
5911,nitin8714,1,0.00033,76214,24.93563,305643
5912,nitind,1,0.00033,76215,24.93595,305643
5913,Nitori-,1,0.00033,76216,24.93628,305643
5914,nitramigen,1,0.00033,76217,24.93661,305643
5915,njhsi,1,0.00033,76218,24.93694,305643
5916,nkoudelia,1,0.00033,76219,24.93726,305643
5917,nkowne63,1,0.00033,76220,24.93759,305643
5918,nlach-tehtris,1,0.00033,76221,24.93792,305643
5919,nmerket,1,0.00033,76222,24.93824,305643
5920,nmwael,1,0.00033,76223,24.93857,305643
5921,noahwilliamsson,1,0.00033,76224,24.93890,305643
5922,Nocsaron,1,0.00033,76225,24.93923,305643
5923,noderat,1,0.00033,76226,24.93955,305643
5924,noel0714,1,0.00033,76227,24.93988,305643
5925,nolanrdavenport,1,0.00033,76228,24.94021,305643
5926,Nonary,1,0.00033,76229,24.94054,305643
5927,notAmine,1,0.00033,76230,24.94086,305643
5928,Not-Code,1,0.00033,76231,24.94119,305643
5929,notklaatu,1,0.00033,76232,24.94152,305643
5930,notSoWiseOldMan,1,0.00033,76233,24.94184,305643
5931,novotnyJiri,1,0.00033,76234,24.94217,305643
5932,noyez,1,0.00033,76235,24.94250,305643
5933,nozzlegear,1,0.00033,76236,24.94283,305643
5934,npennock,1,0.00033,76237,24.94315,305643
5935,nranudeep,1,0.00033,76238,24.94348,305643
5936,ntkoopman,1,0.00033,76239,24.94381,305643
5937,Nukesor,1,0.00033,76240,24.94413,305643
5938,Numblesix,1,0.00033,76241,24.94446,305643
5939,nupplaphil,1,0.00033,76242,24.94479,305643
5940,Nurlan199206,1,0.00033,76243,24.94512,305643
5941,nwallace83,1,0.00033,76244,24.94544,305643
5942,Nwexpert,1,0.00033,76245,24.94577,305643
5943,nwoythal,1,0.00033,76246,24.94610,305643
5944,nyako,1,0.00033,76247,24.94642,305643
5945,nzhuk98,1,0.00033,76248,24.94675,305643
5946,nzjustin,1,0.00033,76249,24.94708,305643
5947,ObiWahn,1,0.00033,76250,24.94741,305643
5948,oddwatcher,1,0.00033,76251,24.94773,305643
5949,oerp-odoo,1,0.00033,76252,24.94806,305643
5950,ofekifergan,1,0.00033,76253,24.94839,305643
5951,oglok,1,0.00033,76254,24.94871,305643
5952,oherrala,1,0.00033,76255,24.94904,305643
5953,okash1n,1,0.00033,76256,24.94937,305643
5954,okias,1,0.00033,76257,24.94970,305643
5955,okimiko,1,0.00033,76258,24.95002,305643
5956,OlafvdSpek,1,0.00033,76259,24.95035,305643
5957,olaoyeleye,1,0.00033,76260,24.95068,305643
5958,olbender,1,0.00033,76261,24.95100,305643
5959,olbohlen,1,0.00033,76262,24.95133,305643
5960,olech2412,1,0.00033,76263,24.95166,305643
5961,olegstepura,1,0.00033,76264,24.95199,305643
5962,olemorud,1,0.00033,76265,24.95231,305643
5963,omacranger,1,0.00033,76266,24.95264,305643
5964,omasseau,1,0.00033,76267,24.95297,305643
5965,omichalek,1,0.00033,76268,24.95330,305643
5966,omichels,1,0.00033,76269,24.95362,305643
5967,Omrigan,1,0.00033,76270,24.95395,305643
5968,Onisoya,1,0.00033,76271,24.95428,305643
5969,onuralpszr,1,0.00033,76272,24.95460,305643
5970,oofnikj,1,0.00033,76273,24.95493,305643
5971,opensourceally,1,0.00033,76274,24.95526,305643
5972,opiredev,1,0.00033,76275,24.95559,305643
5973,optechdvb,1,0.00033,76276,24.95591,305643
5974,opuk,1,0.00033,76277,24.95624,305643
5975,Orca75,1,0.00033,76278,24.95657,305643
5976,orctom,1,0.00033,76279,24.95689,305643
5977,organics2016,1,0.00033,76280,24.95722,305643
5978,orion160,1,0.00033,76281,24.95755,305643
5979,or-navon,1,0.00033,76282,24.95788,305643
5980,Orochimarufan,1,0.00033,76283,24.95820,305643
5981,ortacc,1,0.00033,76284,24.95853,305643
5982,orthoxerox,1,0.00033,76285,24.95886,305643
5983,osaboh,1,0.00033,76286,24.95918,305643
5984,osamamunir23,1,0.00033,76287,24.95951,305643
5985,OscarBarrios-beamery,1,0.00033,76288,24.95984,305643
5986,oshikore,1,0.00033,76289,24.96017,305643
5987,oskgu360,1,0.00033,76290,24.96049,305643
5988,outadoc,1,0.00033,76291,24.96082,305643
5989,overshareware,1,0.00033,76292,24.96115,305643
5990,Ovyerus,1,0.00033,76293,24.96147,305643
5991,ozeta,1,0.00033,76294,24.96180,305643
5992,ozozozd,1,0.00033,76295,24.96213,305643
5993,p0llard,1,0.00033,76296,24.96246,305643
5994,p0pr0ck5,1,0.00033,76297,24.96278,305643
5995,p7kdev,1,0.00033,76298,24.96311,305643
5996,paganellif,1,0.00033,76299,24.96344,305643
5997,pakagi,1,0.00033,76300,24.96376,305643
5998,Pamplemousse,1,0.00033,76301,24.96409,305643
5999,pantuza,1,0.00033,76302,24.96442,305643
6000,paolo-depa,1,0.00033,76303,24.96475,305643
6001,ParthiBa,1,0.00033,76304,24.96507,305643
6002,pashok2398,1,0.00033,76305,24.96540,305643
6003,pastalian,1,0.00033,76306,24.96573,305643
6004,patarapolw,1,0.00033,76307,24.96606,305643
6005,patjlm,1,0.00033,76308,24.96638,305643
6006,patrick-andrew-jain-taylor,1,0.00033,76309,24.96671,305643
6007,patrickdung,1,0.00033,76310,24.96704,305643
6008,patricmutwiri,1,0.00033,76311,24.96736,305643
6009,pat-s,1,0.00033,76312,24.96769,305643
6010,paul8046,1,0.00033,76313,24.96802,305643
6011,paulatwork,1,0.00033,76314,24.96835,305643
6012,paul-cossey,1,0.00033,76315,24.96867,305643
6013,paulkitt,1,0.00033,76316,24.96900,305643
6014,paulliss,1,0.00033,76317,24.96933,305643
6015,paulpog-checkit,1,0.00033,76318,24.96965,305643
6016,paulwouters,1,0.00033,76319,24.96998,305643
6017,pawilon,1,0.00033,76320,24.97031,305643
6018,pccowboy,1,0.00033,76321,24.97064,305643
6019,pcellix,1,0.00033,76322,24.97096,305643
6020,pcguy85,1,0.00033,76323,24.97129,305643
6021,pchg,1,0.00033,76324,24.97162,305643
6022,pczerkas,1,0.00033,76325,24.97194,305643
6023,pdjames,1,0.00033,76326,24.97227,305643
6024,peadar,1,0.00033,76327,24.97260,305643
6025,peerasan,1,0.00033,76328,24.97293,305643
6026,peijunzh,1,0.00033,76329,24.97325,305643
6027,pellcorp,1,0.00033,76330,24.97358,305643
6028,Pelocal,1,0.00033,76331,24.97391,305643
6029,Peneheals,1,0.00033,76332,24.97423,305643
6030,PePoDev,1,0.00033,76333,24.97456,305643
6031,perezjasonr,1,0.00033,76334,24.97489,305643
6032,perja12,1,0.00033,76335,24.97522,305643
6033,Petaris,1,0.00033,76336,24.97554,305643
6034,petarlishov,1,0.00033,76337,24.97587,305643
6035,peterclauterbach,1,0.00033,76338,24.97620,305643
6036,peterpramb,1,0.00033,76339,24.97652,305643
6037,PeterUpfold,1,0.00033,76340,24.97685,305643
6038,pfrankw,1,0.00033,76341,24.97718,305643
6039,PG2000,1,0.00033,76342,24.97751,305643
6040,pgampe,1,0.00033,76343,24.97783,305643
6041,pgrabowski,1,0.00033,76344,24.97816,305643
6042,pguerin3,1,0.00033,76345,24.97849,305643
6043,p-hash,1,0.00033,76346,24.97882,305643
6044,pheki,1,0.00033,76347,24.97914,305643
6045,phhu,1,0.00033,76348,24.97947,305643
6046,phillipinman,1,0.00033,76349,24.97980,305643
6047,philn,1,0.00033,76350,24.98012,305643
6048,philroche,1,0.00033,76351,24.98045,305643
6049,p-himik,1,0.00033,76352,24.98078,305643
6050,phongngthanh,1,0.00033,76353,24.98111,305643
6051,PiaoR,1,0.00033,76354,24.98143,305643
6052,picsel2,1,0.00033,76355,24.98176,305643
6053,pidement,1,0.00033,76356,24.98209,305643
6054,pierot,1,0.00033,76357,24.98241,305643
6055,pierrepaap,1,0.00033,76358,24.98274,305643
6056,PigeonF,1,0.00033,76359,24.98307,305643
6057,pigping88,1,0.00033,76360,24.98340,305643
6058,pik-256,1,0.00033,76361,24.98372,305643
6059,pineman,1,0.00033,76362,24.98405,305643
6060,pinghe,1,0.00033,76363,24.98438,305643
6061,piotr-dobrogost,1,0.00033,76364,24.98470,305643
6062,piotr-kubiak,1,0.00033,76365,24.98503,305643
6063,PirateBread,1,0.00033,76366,24.98536,305643
6064,pironev,1,0.00033,76367,24.98569,305643
6065,piscesvivian,1,0.00033,76368,24.98601,305643
6066,PJayB,1,0.00033,76369,24.98634,305643
6067,pjoomen,1,0.00033,76370,24.98667,305643
6068,pkddacoliat,1,0.00033,76371,24.98699,305643
6069,pklanka,1,0.00033,76372,24.98732,305643
6070,pkmoore,1,0.00033,76373,24.98765,305643
6071,PkmX,1,0.00033,76374,24.98798,305643
6072,pkvprakash,1,0.00033,76375,24.98830,305643
6073,Placeboy,1,0.00033,76376,24.98863,305643
6074,PlaidPhantom,1,0.00033,76377,24.98896,305643
6075,plettich,1,0.00033,76378,24.98928,305643
6076,p-linnane,1,0.00033,76379,24.98961,305643
6077,plugwash,1,0.00033,76380,24.98994,305643
6078,pmakholm,1,0.00033,76381,24.99027,305643
6079,p-moon,1,0.00033,76382,24.99059,305643
6080,podmanadm,1,0.00033,76383,24.99092,305643
6081,podman-mail,1,0.00033,76384,24.99125,305643
6082,podmod001,1,0.00033,76385,24.99158,305643
6083,poettering,1,0.00033,76386,24.99190,305643
6084,poettig,1,0.00033,76387,24.99223,305643
6085,polendri,1,0.00033,76388,24.99256,305643
6086,polettix,1,0.00033,76389,24.99288,305643
6087,polongibro,1,0.00033,76390,24.99321,305643
6088,polski-g,1,0.00033,76391,24.99354,305643
6089,polyomino-24,1,0.00033,76392,24.99387,305643
6090,poperigby,1,0.00033,76393,24.99419,305643
6091,portestos,1,0.00033,76394,24.99452,305643
6092,Poseidon6473,1,0.00033,76395,24.99485,305643
6093,poVoq,1,0.00033,76396,24.99517,305643
6094,ppoi,1,0.00033,76397,24.99550,305643
6095,prakashlbg,1,0.00033,76398,24.99583,305643
6096,Pranavbalu,1,0.00033,76399,24.99616,305643
6097,prashant0810,1,0.00033,76400,24.99648,305643
6098,prashant9394,1,0.00033,76401,24.99681,305643
6099,pratmeht,1,0.00033,76402,24.99714,305643
6100,pratt-snap,1,0.00033,76403,24.99746,305643
6101,prauscher,1,0.00033,76404,24.99779,305643
6102,prbsparx,1,0.00033,76405,24.99812,305643
6103,prdpx7,1,0.00033,76406,24.99845,305643
6104,preardon,1,0.00033,76407,24.99877,305643
6105,prestwichj,1,0.00033,76408,24.99910,305643
6106,priyanka19-98,1,0.00033,76409,24.99943,305643
6107,PRNDA,1,0.00033,76410,24.99975,305643
6108,Procsiab,1,0.00033,76411,25.00008,305643
6109,p-rog,1,0.00033,76412,25.00041,305643
6110,proletarius101,1,0.00033,76413,25.00074,305643
6111,prostori,1,0.00033,76414,25.00106,305643
6112,proutrc,1,0.00033,76415,25.00139,305643
6113,pschyma,1,0.00033,76416,25.00172,305643
6114,psilvaggio,1,0.00033,76417,25.00204,305643
6115,pstovik,1,0.00033,76418,25.00237,305643
6116,punisher1,1,0.00033,76419,25.00270,305643
6117,purebordem,1,0.00033,76420,25.00303,305643
6118,PvVismitha,1,0.00033,76421,25.00335,305643
6119,pwo,1,0.00033,76422,25.00368,305643
6120,pylight,1,0.00033,76423,25.00401,305643
6121,pzygielo,1,0.00033,76424,25.00434,305643
6122,qari,1,0.00033,76425,25.00466,305643
6123,qdm12,1,0.00033,76426,25.00499,305643
6124,qfaure,1,0.00033,76427,25.00532,305643
6125,qgbcs,1,0.00033,76428,25.00564,305643
6126,qiliq,1,0.00033,76429,25.00597,305643
6127,qixiang,1,0.00033,76430,25.00630,305643
6128,qm78,1,0.00033,76431,25.00663,305643
6129,Quacky2200,1,0.00033,76432,25.00695,305643
6130,quazar-omega,1,0.00033,76433,25.00728,305643
6131,queria,1,0.00033,76434,25.00761,305643
6132,r3h0,1,0.00033,76435,25.00793,305643
6133,ra0e,1,0.00033,76436,25.00826,305643
6134,raatti,1,0.00033,76437,25.00859,305643
6135,rachelglenn,1,0.00033,76438,25.00892,305643
6136,radoslawg,1,0.00033,76439,25.00924,305643
6137,Radtoo,1,0.00033,76440,25.00957,305643
6138,radupopa2010,1,0.00033,76441,25.00990,305643
6139,rafaelfranca,1,0.00033,76442,25.01022,305643
6140,rafapolo,1,0.00033,76443,25.01055,305643
6141,raghukumarc,1,0.00033,76444,25.01088,305643
6142,raghur,1,0.00033,76445,25.01121,305643
6143,Rahix,1,0.00033,76446,25.01153,305643
6144,rahulagrawalpsl,1,0.00033,76447,25.01186,305643
6145,RainbowHerbicides,1,0.00033,76448,25.01219,305643
6146,rajyraman,1,0.00033,76449,25.01251,305643
6147,ralmachado,1,0.00033,76450,25.01284,305643
6148,ralphie79,1,0.00033,76451,25.01317,305643
6149,ramesp71,1,0.00033,76452,25.01350,305643
6150,RamRS,1,0.00033,76453,25.01382,305643
6151,randombenj,1,0.00033,76454,25.01415,305643
6152,randomstuff,1,0.00033,76455,25.01448,305643
6153,randrej,1,0.00033,76456,25.01480,305643
6154,RangaSamudrala,1,0.00033,76457,25.01513,305643
6155,RaphaelPour,1,0.00033,76458,25.01546,305643
6156,rasmusir,1,0.00033,76459,25.01579,305643
6157,ratulb,1,0.00033,76460,25.01611,305643
6158,ratzalex,1,0.00033,76461,25.01644,305643
6159,raveinid,1,0.00033,76462,25.01677,305643
6160,ravendererugu,1,0.00033,76463,25.01710,305643
6161,ravinara001,1,0.00033,76464,25.01742,305643
6162,ravindrakmr,1,0.00033,76465,25.01775,305643
6163,Ravlyon,1,0.00033,76466,25.01808,305643
6164,ravurvi20,1,0.00033,76467,25.01840,305643
6165,rawfoxDE,1,0.00033,76468,25.01873,305643
6166,raxod502,1,0.00033,76469,25.01906,305643
6167,raycardillo,1,0.00033,76470,25.01939,305643
6168,rchaudha,1,0.00033,76471,25.01971,305643
6169,rcj4747,1,0.00033,76472,25.02004,305643
6170,rclar802,1,0.00033,76473,25.02037,305643
6171,rcmadhankumar,1,0.00033,76474,25.02069,305643
6172,rdean-csx,1,0.00033,76475,25.02102,305643
6173,rdelangh,1,0.00033,76476,25.02135,305643
6174,rdw4nau,1,0.00033,76477,25.02168,305643
6175,realJayNay,1,0.00033,76478,25.02200,305643
6176,recodingLife,1,0.00033,76479,25.02233,305643
6177,redactedscribe,1,0.00033,76480,25.02266,305643
6178,ReDemoNBR,1,0.00033,76481,25.02298,305643
6179,refi64,1,0.00033,76482,25.02331,305643
6180,reini-1,1,0.00033,76483,25.02364,305643
6181,rejahn,1,0.00033,76484,25.02397,305643
6182,renatomjr,1,0.00033,76485,25.02429,305643
6183,renegadevi,1,0.00033,76486,25.02462,305643
6184,repomaa,1,0.00033,76487,25.02495,305643
6185,resuarez,1,0.00033,76488,25.02527,305643
6186,reukiodo,1,0.00033,76489,25.02560,305643
6187,RevoltPW,1,0.00033,76490,25.02593,305643
6188,rezadhah,1,0.00033,76491,25.02626,305643
6189,rfujiyama,1,0.00033,76492,25.02658,305643
6190,rheinzma,1,0.00033,76493,25.02691,305643
6191,ricardoinacio,1,0.00033,76494,25.02724,305643
6192,rigelmadraswalla,1,0.00033,76495,25.02756,305643
6193,ripper2hl,1,0.00033,76496,25.02789,305643
6194,rishabhsri18,1,0.00033,76497,25.02822,305643
6195,riskersen,1,0.00033,76498,25.02855,305643
6196,riverrhodes,1,0.00033,76499,25.02887,305643
6197,rjeffman,1,0.00033,76500,25.02920,305643
6198,rjrelyea,1,0.00033,76501,25.02953,305643
6199,rkachach,1,0.00033,76502,25.02986,305643
6200,RLovelett,1,0.00033,76503,25.03018,305643
6201,rmahroua,1,0.00033,76504,25.03051,305643
6202,rmscottelv,1,0.00033,76505,25.03084,305643
6203,rnevils,1,0.00033,76506,25.03116,305643
6204,ro11net,1,0.00033,76507,25.03149,305643
6205,rob-broadley,1,0.00033,76508,25.03182,305643
6206,Robert-J-Slover,1,0.00033,76509,25.03215,305643
6207,RobertMe,1,0.00033,76510,25.03247,305643
6208,robhancocksed,1,0.00033,76511,25.03280,305643
6209,robinshine,1,0.00033,76512,25.03313,305643
6210,robinvalk,1,0.00033,76513,25.03345,305643
6211,RocketRide9,1,0.00033,76514,25.03378,305643
6212,rodrigoscna,1,0.00033,76515,25.03411,305643
6213,roffelsaurus,1,0.00033,76516,25.03444,305643
6214,RoFz,1,0.00033,76517,25.03476,305643
6215,rohammosalli,1,0.00033,76518,25.03509,305643
6216,rokat,1,0.00033,76519,25.03542,305643
6217,roman-kiselenko,1,0.00033,76520,25.03574,305643
6218,romanlytovchenko,1,0.00033,76521,25.03607,305643
6219,romge,1,0.00033,76522,25.03640,305643
6220,romsnl,1,0.00033,76523,25.03673,305643
6221,ronak34,1,0.00033,76524,25.03705,305643
6222,roozbehk,1,0.00033,76525,25.03738,305643
6223,rorygilfillan-absa,1,0.00033,76526,25.03771,305643
6224,rpan2,1,0.00033,76527,25.03803,305643
6225,rpigott,1,0.00033,76528,25.03836,305643
6226,rpresser,1,0.00033,76529,25.03869,305643
6227,rprodan,1,0.00033,76530,25.03902,305643
6228,rrbanda,1,0.00033,76531,25.03934,305643
6229,rrmistry,1,0.00033,76532,25.03967,305643
6230,rsacct54,1,0.00033,76533,25.04000,305643
6231,rsenna,1,0.00033,76534,25.04032,305643
6232,rshillington,1,0.00033,76535,25.04065,305643
6233,rsmithlal,1,0.00033,76536,25.04098,305643
6234,rstanevich,1,0.00033,76537,25.04131,305643
6235,rsulli55,1,0.00033,76538,25.04163,305643
6236,rsumner,1,0.00033,76539,25.04196,305643
6237,Rtapy,1,0.00033,76540,25.04229,305643
6238,rtheys,1,0.00033,76541,25.04262,305643
6239,RubenRuCh,1,0.00033,76542,25.04294,305643
6240,rukklespc,1,0.00033,76543,25.04327,305643
6241,rumble-on,1,0.00033,76544,25.04360,305643
6242,runseason,1,0.00033,76545,25.04392,305643
6243,rusty-snake,1,0.00033,76546,25.04425,305643
6244,RuurdBijlsma,1,0.00033,76547,25.04458,305643
6245,rvalenca,1,0.00033,76548,25.04491,305643
6246,Rwarcards762,1,0.00033,76549,25.04523,305643
6247,rweirtbg,1,0.00033,76550,25.04556,305643
6248,rwha,1,0.00033,76551,25.04589,305643
6249,ryancastle,1,0.00033,76552,25.04621,305643
6250,RyanGreenup,1,0.00033,76553,25.04654,305643
6251,ryanleung96,1,0.00033,76554,25.04687,305643
6252,ryeyao,1,0.00033,76555,25.04720,305643
6253,ryohayakawa,1,0.00033,76556,25.04752,305643
6254,sa687,1,0.00033,76557,25.04785,305643
6255,sab24,1,0.00033,76558,25.04818,305643
6256,sabareesh15,1,0.00033,76559,25.04850,305643
6257,SaberStrat,1,0.00033,76560,25.04883,305643
6258,Sadin,1,0.00033,76561,25.04916,305643
6259,saeidscorp,1,0.00033,76562,25.04949,305643
6260,saikpr,1,0.00033,76563,25.04981,305643
6261,SAIYOGANAND,1,0.00033,76564,25.05014,305643
6262,sakthimaan,1,0.00033,76565,25.05047,305643
6263,salifou,1,0.00033,76566,25.05079,305643
6264,SamantazFox,1,0.00033,76567,25.05112,305643
6265,samarthj,1,0.00033,76568,25.05145,305643
6266,samgj18,1,0.00033,76569,25.05178,305643
6267,samhclark,1,0.00033,76570,25.05210,305643
6268,SamInTheShell,1,0.00033,76571,25.05243,305643
6269,samuelb,1,0.00033,76572,25.05276,305643
6270,samuel-caldwell-sands,1,0.00033,76573,25.05308,305643
6271,samuel-f,1,0.00033,76574,25.05341,305643
6272,SamuelMarks,1,0.00033,76575,25.05374,305643
6273,samuk190,1,0.00033,76576,25.05407,305643
6274,sanchouz12,1,0.00033,76577,25.05439,305643
6275,sando38,1,0.00033,76578,25.05472,305643
6276,sanga,1,0.00033,76579,25.05505,305643
6277,Sankluj,1,0.00033,76580,25.05538,305643
6278,Sanne,1,0.00033,76581,25.05570,305643
6279,Sanqui,1,0.00033,76582,25.05603,305643
6280,SantoshG-Derivco,1,0.00033,76583,25.05636,305643
6281,saqeria,1,0.00033,76584,25.05668,305643
6282,Sarang-Sangram,1,0.00033,76585,25.05701,305643
6283,saraswat,1,0.00033,76586,25.05734,305643
6284,SarthakGhosh16,1,0.00033,76587,25.05767,305643
6285,sathishkumarkk,1,0.00033,76588,25.05799,305643
6286,satwell,1,0.00033,76589,25.05832,305643
6287,satyanarayanaprasad,1,0.00033,76590,25.05865,305643
6288,savagematt,1,0.00033,76591,25.05897,305643
6289,savitojs,1,0.00033,76592,25.05930,305643
6290,sayap,1,0.00033,76593,25.05963,305643
6291,Sayed-Imran,1,0.00033,76594,25.05996,305643
6292,sb-101,1,0.00033,76595,25.06028,305643
6293,sb604,1,0.00033,76596,25.06061,305643
6294,sbancal,1,0.00033,76597,25.06094,305643
6295,sbp-bvanb,1,0.00033,76598,25.06126,305643
6296,sbravor64,1,0.00033,76599,25.06159,305643
6297,scabala,1,0.00033,76600,25.06192,305643
6298,schdief,1,0.00033,76601,25.06225,305643
6299,schiruma,1,0.00033,76602,25.06257,305643
6300,schnittstabil,1,0.00033,76603,25.06290,305643
6301,schnow265,1,0.00033,76604,25.06323,305643
6302,Schnuecks,1,0.00033,76605,25.06355,305643
6303,schreibubi,1,0.00033,76606,25.06388,305643
6304,Schweeeeeeeeeeeeeeee,1,0.00033,76607,25.06421,305643
6305,scomoletti,1,0.00033,76608,25.06454,305643
6306,scotticles,1,0.00033,76609,25.06486,305643
6307,scy,1,0.00033,76610,25.06519,305643
6308,sdavids,1,0.00033,76611,25.06552,305643
6309,seanbow,1,0.00033,76612,25.06584,305643
6310,seanmcneil3,1,0.00033,76613,25.06617,305643
6311,seanrmurphy,1,0.00033,76614,25.06650,305643
6312,seb2020,1,0.00033,76615,25.06683,305643
6313,seb-835,1,0.00033,76616,25.06715,305643
6314,SebastianCallh,1,0.00033,76617,25.06748,305643
6315,sebastian-pf9,1,0.00033,76618,25.06781,305643
6316,sebastienhasa,1,0.00033,76619,25.06814,305643
6317,Sebbiedu,1,0.00033,76620,25.06846,305643
6318,sebboer,1,0.00033,76621,25.06879,305643
6319,sebm123,1,0.00033,76622,25.06912,305643
6320,SebTardif,1,0.00033,76623,25.06944,305643
6321,sedletsky-f5,1,0.00033,76624,25.06977,305643
6322,sefroberg,1,0.00033,76625,25.07010,305643
6323,sehaartuc,1,0.00033,76626,25.07043,305643
6324,seisdr,1,0.00033,76627,25.07075,305643
6325,Sejoslaw,1,0.00033,76628,25.07108,305643
6326,selurvedu,1,0.00033,76629,25.07141,305643
6327,Semo,1,0.00033,76630,25.07173,305643
6328,senorsmile,1,0.00033,76631,25.07206,305643
6329,septemhill,1,0.00033,76632,25.07239,305643
6330,Serena01,1,0.00033,76633,25.07272,305643
6331,serezlan,1,0.00033,76634,25.07304,305643
6332,sergejscheibel,1,0.00033,76635,25.07337,305643
6333,SergeyTverdokhleb,1,0.00033,76636,25.07370,305643
6334,sergiodj,1,0.00033,76637,25.07402,305643
6335,SerhiiTopor,1,0.00033,76638,25.07435,305643
6336,serkansahinBE,1,0.00033,76639,25.07468,305643
6337,SGM70,1,0.00033,76640,25.07501,305643
6338,sh41,1,0.00033,76641,25.07533,305643
6339,ShadowJonathan,1,0.00033,76642,25.07566,305643
6340,shadowspore,1,0.00033,76643,25.07599,305643
6341,shadowusr,1,0.00033,76644,25.07631,305643
6342,shady333,1,0.00033,76645,25.07664,305643
6343,shajmakh,1,0.00033,76646,25.07697,305643
6344,Shakeskeyboarde,1,0.00033,76647,25.07730,305643
6345,shanemcd,1,0.00033,76648,25.07762,305643
6346,shanewa,1,0.00033,76649,25.07795,305643
6347,shastaxc,1,0.00033,76650,25.07828,305643
6348,shawnallen85,1,0.00033,76651,25.07860,305643
6349,sheabot,1,0.00033,76652,25.07893,305643
6350,shenghaoyang,1,0.00033,76653,25.07926,305643
6351,sherviiin,1,0.00033,76654,25.07959,305643
6352,shieldwed,1,0.00033,76655,25.07991,305643
6353,shijieheping,1,0.00033,76656,25.08024,305643
6354,shilpa-0,1,0.00033,76657,25.08057,305643
6355,shineeng,1,0.00033,76658,25.08090,305643
6356,shishkin,1,0.00033,76659,25.08122,305643
6357,shivampapat,1,0.00033,76660,25.08155,305643
6358,shizzgar,1,0.00033,76661,25.08188,305643
6359,shrishs,1,0.00033,76662,25.08220,305643
6360,shuriken1812,1,0.00033,76663,25.08253,305643
6361,shvchk,1,0.00033,76664,25.08286,305643
6362,Shynamo,1,0.00033,76665,25.08319,305643
6363,shyzus,1,0.00033,76666,25.08351,305643
6364,siegy22,1,0.00033,76667,25.08384,305643
6365,sifive-benjamin-morse,1,0.00033,76668,25.08417,305643
6366,sigbits,1,0.00033,76669,25.08449,305643
6367,SignFinder,1,0.00033,76670,25.08482,305643
6368,sigulete1,1,0.00033,76671,25.08515,305643
6369,Silence-worker-02,1,0.00033,76672,25.08548,305643
6370,simon-friedberger,1,0.00033,76673,25.08580,305643
6371,simonsan,1,0.00033,76674,25.08613,305643
6372,simorex80,1,0.00033,76675,25.08646,305643
6373,simpleauthority,1,0.00033,76676,25.08678,305643
6374,SimplyGed,1,0.00033,76677,25.08711,305643
6375,singh-lokendra,1,0.00033,76678,25.08744,305643
6376,singul0,1,0.00033,76679,25.08777,305643
6377,sirmspencer,1,0.00033,76680,25.08809,305643
6378,SirNiggo,1,0.00033,76681,25.08842,305643
6379,sirnuke,1,0.00033,76682,25.08875,305643
6380,SistachReinoso,1,0.00033,76683,25.08907,305643
6381,sistematico,1,0.00033,76684,25.08940,305643
6382,sivaece06,1,0.00033,76685,25.08973,305643
6383,sixwaaaay,1,0.00033,76686,25.09006,305643
6384,sjanssen15,1,0.00033,76687,25.09038,305643
6385,sjkeerthi,1,0.00033,76688,25.09071,305643
6386,sjoerdvandenbos-prodrive,1,0.00033,76689,25.09104,305643
6387,sjwl,1,0.00033,76690,25.09136,305643
6388,skatanski,1,0.00033,76691,25.09169,305643
6389,skewty,1,0.00033,76692,25.09202,305643
6390,skohan,1,0.00033,76693,25.09235,305643
6391,skorobogatydmitry,1,0.00033,76694,25.09267,305643
6392,skovmand,1,0.00033,76695,25.09300,305643
6393,skycaptain,1,0.00033,76696,25.09333,305643
6394,sladkojorka,1,0.00033,76697,25.09366,305643
6395,slamd64,1,0.00033,76698,25.09398,305643
6396,slcmpunk,1,0.00033,76699,25.09431,305643
6397,sleevysleever,1,0.00033,76700,25.09464,305643
6398,sli720,1,0.00033,76701,25.09496,305643
6399,SlitEye,1,0.00033,76702,25.09529,305643
6400,slogen,1,0.00033,76703,25.09562,305643
6401,slonvpalto,1,0.00033,76704,25.09595,305643
6402,slovvik,1,0.00033,76705,25.09627,305643
6403,slurpyb,1,0.00033,76706,25.09660,305643
6404,Smeds,1,0.00033,76707,25.09693,305643
6405,smith-kyle,1,0.00033,76708,25.09725,305643
6406,SN4K3D,1,0.00033,76709,25.09758,305643
6407,snazy,1,0.00033,76710,25.09791,305643
6408,snejokeee,1,0.00033,76711,25.09824,305643
6409,snhardin,1,0.00033,76712,25.09856,305643
6410,soar,1,0.00033,76713,25.09889,305643
6411,sober-wang,1,0.00033,76714,25.09922,305643
6412,sochoaAtMulesoft,1,0.00033,76715,25.09954,305643
6413,soda-pop-ice-cream,1,0.00033,76716,25.09987,305643
6414,soiboi,1,0.00033,76717,25.10020,305643
6415,soloturn,1,0.00033,76718,25.10053,305643
6416,someone-somenet-org,1,0.00033,76719,25.10085,305643
6417,sondregj,1,0.00033,76720,25.10118,305643
6418,sonman,1,0.00033,76721,25.10151,305643
6419,sourav-sharma796,1,0.00033,76722,25.10183,305643
6420,SourceCodeWhen,1,0.00033,76723,25.10216,305643
6421,SpaceCpa,1,0.00033,76724,25.10249,305643
6422,spameriko,1,0.00033,76725,25.10282,305643
6423,spamkutu,1,0.00033,76726,25.10314,305643
6424,Sparkenstein,1,0.00033,76727,25.10347,305643
6425,spastorclovr,1,0.00033,76728,25.10380,305643
6426,Spechal,1,0.00033,76729,25.10412,305643
6427,SpecLad,1,0.00033,76730,25.10445,305643
6428,spencerrung,1,0.00033,76731,25.10478,305643
6429,spgennard,1,0.00033,76732,25.10511,305643
6430,Spider-One,1,0.00033,76733,25.10543,305643
6431,spirit-team,1,0.00033,76734,25.10576,305643
6432,spmfox,1,0.00033,76735,25.10609,305643
6433,spomata,1,0.00033,76736,25.10642,305643
6434,spoonysnail,1,0.00033,76737,25.10674,305643
6435,sporksmith,1,0.00033,76738,25.10707,305643
6436,spraetor,1,0.00033,76739,25.10740,305643
6437,springzfx,1,0.00033,76740,25.10772,305643
6438,SpyTec,1,0.00033,76741,25.10805,305643
6439,SQLDBAWithABeard,1,0.00033,76742,25.10838,305643
6440,sqweovpg,1,0.00033,76743,25.10871,305643
6441,sqwishy,1,0.00033,76744,25.10903,305643
6442,srfiorini,1,0.00033,76745,25.10936,305643
6443,sriram241294,1,0.00033,76746,25.10969,305643
6444,Srirammkm,1,0.00033,76747,25.11001,305643
6445,ssanchez1-godaddy,1,0.00033,76748,25.11034,305643
6446,sshambar,1,0.00033,76749,25.11067,305643
6447,sshuklao,1,0.00033,76750,25.11100,305643
6448,stano45,1,0.00033,76751,25.11132,305643
6449,stan-shih,1,0.00033,76752,25.11165,305643
6450,starkmatt,1,0.00033,76753,25.11198,305643
6451,starksm64,1,0.00033,76754,25.11230,305643
6452,starnight,1,0.00033,76755,25.11263,305643
6453,Stausssi,1,0.00033,76756,25.11296,305643
6454,steezeburger,1,0.00033,76757,25.11329,305643
6455,stefanschober,1,0.00033,76758,25.11361,305643
6456,stefanstoeckigt,1,0.00033,76759,25.11394,305643
6457,steffhip,1,0.00033,76760,25.11427,305643
6458,steinsag,1,0.00033,76761,25.11459,305643
6459,stejoo,1,0.00033,76762,25.11492,305643
6460,stendler,1,0.00033,76763,25.11525,305643
6461,stevelj,1,0.00033,76764,25.11558,305643
6462,stevenharrisBG,1,0.00033,76765,25.11590,305643
6463,steveoh,1,0.00033,76766,25.11623,305643
6464,steve-todorov,1,0.00033,76767,25.11656,305643
6465,stigger,1,0.00033,76768,25.11688,305643
6466,stitchik,1,0.00033,76769,25.11721,305643
6467,stobbsm,1,0.00033,76770,25.11754,305643
6468,stoggi,1,0.00033,76771,25.11787,305643
6469,stoically,1,0.00033,76772,25.11819,305643
6470,stralex7,1,0.00033,76773,25.11852,305643
6471,strluck,1,0.00033,76774,25.11885,305643
6472,StrongZombie,1,0.00033,76775,25.11917,305643
6473,Strunck,1,0.00033,76776,25.11950,305643
6474,stryan,1,0.00033,76777,25.11983,305643
6475,strzinek,1,0.00033,76778,25.12016,305643
6476,stuartayeates,1,0.00033,76779,25.12048,305643
6477,stumpf84,1,0.00033,76780,25.12081,305643
6478,subdiff,1,0.00033,76781,25.12114,305643
6479,successtheman,1,0.00033,76782,25.12147,305643
6480,su-ex,1,0.00033,76783,25.12179,305643
6481,sugonyak,1,0.00033,76784,25.12212,305643
6482,SuitespaceDev,1,0.00033,76785,25.12245,305643
6483,sumantro93,1,0.00033,76786,25.12277,305643
6484,sunnychanwork,1,0.00033,76787,25.12310,305643
6485,sup39,1,0.00033,76788,25.12343,305643
6486,Superleah1,1,0.00033,76789,25.12376,305643
6487,Superming997,1,0.00033,76790,25.12408,305643
6488,Superstar-IT,1,0.00033,76791,25.12441,305643
6489,SurmaAa,1,0.00033,76792,25.12474,305643
6490,suslmk-lee,1,0.00033,76793,25.12506,305643
6491,suyash-repo,1,0.00033,76794,25.12539,305643
6492,SvenMarquardt5772,1,0.00033,76795,25.12572,305643
6493,sveno1990,1,0.00033,76796,25.12605,305643
6494,SvenVD,1,0.00033,76797,25.12637,305643
6495,swapzero,1,0.00033,76798,25.12670,305643
6496,swartz-k,1,0.00033,76799,25.12703,305643
6497,swindmill,1,0.00033,76800,25.12735,305643
6498,syaoo,1,0.00033,76801,25.12768,305643
6499,sylvainpelletier,1,0.00033,76802,25.12801,305643
6500,symysak,1,0.00033,76803,25.12834,305643
6501,sysnasri,1,0.00033,76804,25.12866,305643
6502,szabolcsdombi,1,0.00033,76805,25.12899,305643
6503,szafranek,1,0.00033,76806,25.12932,305643
6504,szedani,1,0.00033,76807,25.12964,305643
6505,szTheory,1,0.00033,76808,25.12997,305643
6506,Szwendacz99,1,0.00033,76809,25.13030,305643
6507,szymczag,1,0.00033,76810,25.13063,305643
6508,szymon3,1,0.00033,76811,25.13095,305643
6509,t184256,1,0.00033,76812,25.13128,305643
6510,Taar,1,0.00033,76813,25.13161,305643
6511,TahaW863,1,0.00033,76814,25.13193,305643
6512,Tahutipai,1,0.00033,76815,25.13226,305643
6513,Talbot3,1,0.00033,76816,25.13259,305643
6514,Talisker69,1,0.00033,76817,25.13292,305643
6515,talj-us-ibm-com,1,0.00033,76818,25.13324,305643
6516,tangowithfoxtrot,1,0.00033,76819,25.13357,305643
6517,Tanmay-Kudchadkar,1,0.00033,76820,25.13390,305643
6518,tanty,1,0.00033,76821,25.13423,305643
6519,tanzislam,1,0.00033,76822,25.13455,305643
6520,tarampampam,1,0.00033,76823,25.13488,305643
6521,Taywee,1,0.00033,76824,25.13521,305643
6522,tazihad,1,0.00033,76825,25.13553,305643
6523,tazmo,1,0.00033,76826,25.13586,305643
6524,tbeauvais-imagine,1,0.00033,76827,25.13619,305643
6525,tbongiovani,1,0.00033,76828,25.13652,305643
6526,tbshrst,1,0.00033,76829,25.13684,305643
6527,tburlakova,1,0.00033,76830,25.13717,305643
6528,tdensmore,1,0.00033,76831,25.13750,305643
6529,TechIsCool,1,0.00033,76832,25.13782,305643
6530,techquila,1,0.00033,76833,25.13815,305643
6531,techsolo,1,0.00033,76834,25.13848,305643
6532,TecHunter,1,0.00033,76835,25.13881,305643
6533,tedsluis,1,0.00033,76836,25.13913,305643
6534,Tejaswini5327,1,0.00033,76837,25.13946,305643
6535,tempoz,1,0.00033,76838,25.13979,305643
6536,tendstofortytwo,1,0.00033,76839,25.14011,305643
6537,teojgo,1,0.00033,76840,25.14044,305643
6538,teokon90,1,0.00033,76841,25.14077,305643
6539,terrelln,1,0.00033,76842,25.14110,305643
6540,TessaIO,1,0.00033,76843,25.14142,305643
6541,thapliyalgunjan,1,0.00033,76844,25.14175,305643
6542,thaycafe,1,0.00033,76845,25.14208,305643
6543,theburge,1,0.00033,76846,25.14240,305643
6544,theCalcaholic,1,0.00033,76847,25.14273,305643
6545,TheFern16,1,0.00033,76848,25.14306,305643
6546,themreza,1,0.00033,76849,25.14339,305643
6547,thenets,1,0.00033,76850,25.14371,305643
6548,the-plate,1,0.00033,76851,25.14404,305643
6549,ThePMO,1,0.00033,76852,25.14437,305643
6550,thestr4ng3r,1,0.00033,76853,25.14469,305643
6551,the-sun-will-rise-tomorrow,1,0.00033,76854,25.14502,305643
6552,TheTTimeLives,1,0.00033,76855,25.14535,305643
6553,th-hummel,1,0.00033,76856,25.14568,305643
6554,thibaultamartin,1,0.00033,76857,25.14600,305643
6555,thiner,1,0.00033,76858,25.14633,305643
6556,thirteenthree,1,0.00033,76859,25.14666,305643
6557,thmang82,1,0.00033,76860,25.14699,305643
6558,thoke,1,0.00033,76861,25.14731,305643
6559,Thomasdezeeuw,1,0.00033,76862,25.14764,305643
6560,ThomasGehPunkt,1,0.00033,76863,25.14797,305643
6561,thomaspeissl,1,0.00033,76864,25.14829,305643
6562,ThoriumTextile,1,0.00033,76865,25.14862,305643
6563,ThorManager,1,0.00033,76866,25.14895,305643
6564,thorstenrie,1,0.00033,76867,25.14928,305643
6565,ThoTischner,1,0.00033,76868,25.14960,305643
6566,thunderbirdtr,1,0.00033,76869,25.14993,305643
6567,tiararodney,1,0.00033,76870,25.15026,305643
6568,tideman,1,0.00033,76871,25.15058,305643
6569,tien,1,0.00033,76872,25.15091,305643
6570,tierpod,1,0.00033,76873,25.15124,305643
6571,tillmann,1,0.00033,76874,25.15157,305643
6572,TiloGit,1,0.00033,76875,25.15189,305643
6573,timfel,1,0.00033,76876,25.15222,305643
6574,timheuer,1,0.00033,76877,25.15255,305643
6575,TimothyElems,1,0.00033,76878,25.15287,305643
6576,tin6150,1,0.00033,76879,25.15320,305643
6577,Tiscs,1,0.00033,76880,25.15353,305643
6578,tkagn,1,0.00033,76881,25.15386,305643
6579,tkant,1,0.00033,76882,25.15418,305643
6580,tlammi,1,0.00033,76883,25.15451,305643
6581,tmzullinger,1,0.00033,76884,25.15484,305643
6582,tobiashochguertel,1,0.00033,76885,25.15516,305643
6583,tobley,1,0.00033,76886,25.15549,305643
6584,tockar,1,0.00033,76887,25.15582,305643
6585,tolerious,1,0.00033,76888,25.15615,305643
6586,tom8zds,1,0.00033,76889,25.15647,305643
6587,tomarie,1,0.00033,76890,25.15680,305643
6588,tomaskrizek,1,0.00033,76891,25.15713,305643
6589,tomaszstachera,1,0.00033,76892,25.15745,305643
6590,tomereli,1,0.00033,76893,25.15778,305643
6591,tom-tan,1,0.00033,76894,25.15811,305643
6592,TonioGela,1,0.00033,76895,25.15844,305643
6593,Tonyangl,1,0.00033,76896,25.15876,305643
6594,TonyBogdanov,1,0.00033,76897,25.15909,305643
6595,tonyc76,1,0.00033,76898,25.15942,305643
6596,tonycody,1,0.00033,76899,25.15975,305643
6597,tonyplovich,1,0.00033,76900,25.16007,305643
6598,tony-sol,1,0.00033,76901,25.16040,305643
6599,Topher-the-Geek,1,0.00033,76902,25.16073,305643
6600,ToroNZ,1,0.00033,76903,25.16105,305643
6601,Toseban,1,0.00033,76904,25.16138,305643
6602,totkeks,1,0.00033,76905,25.16171,305643
6603,touchardv,1,0.00033,76906,25.16204,305643
6604,towertop,1,0.00033,76907,25.16236,305643
6605,towry,1,0.00033,76908,25.16269,305643
6606,tpopela,1,0.00033,76909,25.16302,305643
6607,tpoxa,1,0.00033,76910,25.16334,305643
6608,traceypooh,1,0.00033,76911,25.16367,305643
6609,tragicdog,1,0.00033,76912,25.16400,305643
6610,Trass3r,1,0.00033,76913,25.16433,305643
6611,traylenator,1,0.00033,76914,25.16465,305643
6612,trident25,1,0.00033,76915,25.16498,305643
6613,true-eye,1,0.00033,76916,25.16531,305643
6614,trytomakeyouprivate,1,0.00033,76917,25.16563,305643
6615,tsjk,1,0.00033,76918,25.16596,305643
6616,tsujp,1,0.00033,76919,25.16629,305643
6617,tsutsu,1,0.00033,76920,25.16662,305643
6618,ttyono,1,0.00033,76921,25.16694,305643
6619,Tualua,1,0.00033,76922,25.16727,305643
6620,TurnOffNOD,1,0.00033,76923,25.16760,305643
6621,tuxillo,1,0.00033,76924,25.16792,305643
6622,tvannahl,1,0.00033,76925,25.16825,305643
6623,tvass,1,0.00033,76926,25.16858,305643
6624,tylerfanelli,1,0.00033,76927,25.16891,305643
6625,tymonx,1,0.00033,76928,25.16923,305643
6626,typedefstructer,1,0.00033,76929,25.16956,305643
6627,tzehon,1,0.00033,76930,25.16989,305643
6628,uckelman,1,0.00033,76931,25.17021,305643
6629,Ulrar,1,0.00033,76932,25.17054,305643
6630,UmutAlihan,1,0.00033,76933,25.17087,305643
6631,uncleguanghui,1,0.00033,76934,25.17120,305643
6632,unexist,1,0.00033,76935,25.17152,305643
6633,uniquejava,1,0.00033,76936,25.17185,305643
6634,universam1,1,0.00033,76937,25.17218,305643
6635,unpinned,1,0.00033,76938,25.17251,305643
6636,unuunn,1,0.00033,76939,25.17283,305643
6637,uri,1,0.00033,76940,25.17316,305643
6638,ursetto,1,0.00033,76941,25.17349,305643
6639,usmcamp0811,1,0.00033,76942,25.17381,305643
6640,utsw-nicholaideguzman,1,0.00033,76943,25.17414,305643
6641,uttne,1,0.00033,76944,25.17447,305643
6642,v8d,1,0.00033,76945,25.17480,305643
6643,Va1,1,0.00033,76946,25.17512,305643
6644,va1entin,1,0.00033,76947,25.17545,305643
6645,vadysa,1,0.00033,76948,25.17578,305643
6646,vald-phoenix,1,0.00033,76949,25.17610,305643
6647,vallamost,1,0.00033,76950,25.17643,305643
6648,vanyasvl,1,0.00033,76951,25.17676,305643
6649,varyumin,1,0.00033,76952,25.17709,305643
6650,vasinov,1,0.00033,76953,25.17741,305643
6651,vast0906,1,0.00033,76954,25.17774,305643
6652,vazra,1,0.00033,76955,25.17807,305643
6653,vbashyamus,1,0.00033,76956,25.17839,305643
6654,vbence,1,0.00033,76957,25.17872,305643
6655,vchernin,1,0.00033,76958,25.17905,305643
6656,vchinchambekar,1,0.00033,76959,25.17938,305643
6657,vegai,1,0.00033,76960,25.17970,305643
6658,venezianluis,1,0.00033,76961,25.18003,305643
6659,venomone,1,0.00033,76962,25.18036,305643
6660,veritas9872,1,0.00033,76963,25.18068,305643
6661,VestaCord,1,0.00033,76964,25.18101,305643
6662,vially,1,0.00033,76965,25.18134,305643
6663,vietvudanh,1,0.00033,76966,25.18167,305643
6664,vignesh-gupta-xom,1,0.00033,76967,25.18199,305643
6665,vignesh-hexad,1,0.00033,76968,25.18232,305643
6666,vigneshpalanivelr,1,0.00033,76969,25.18265,305643
6667,vijaypratapsingh007,1,0.00033,76970,25.18297,305643
6668,vincentclaes,1,0.00033,76971,25.18330,305643
6669,VinGarcia,1,0.00033,76972,25.18363,305643
6670,violin0622,1,0.00033,76973,25.18396,305643
6671,vipshae,1,0.00033,76974,25.18428,305643
6672,vipwolf,1,0.00033,76975,25.18461,305643
6673,virtorgan,1,0.00033,76976,25.18494,305643
6674,vishnuvibronyx,1,0.00033,76977,25.18527,305643
6675,Visne,1,0.00033,76978,25.18559,305643
6676,Vivekd7r,1,0.00033,76979,25.18592,305643
6677,VivekSatpute,1,0.00033,76980,25.18625,305643
6678,vixaiganxk,1,0.00033,76981,25.18657,305643
6679,viztor,1,0.00033,76982,25.18690,305643
6680,vkesharwal,1,0.00033,76983,25.18723,305643
6681,vkochnev,1,0.00033,76984,25.18756,305643
6682,vkvm,1,0.00033,76985,25.18788,305643
6683,vladdoster,1,0.00033,76986,25.18821,305643
6684,vladmiller,1,0.00033,76987,25.18854,305643
6685,vlad-rw,1,0.00033,76988,25.18886,305643
6686,vocaltract,1,0.00033,76989,25.18919,305643
6687,vohuu,1,0.00033,76990,25.18952,305643
6688,voky,1,0.00033,76991,25.18985,305643
6689,VoroninArtemii,1,0.00033,76992,25.19017,305643
6690,vp2177,1,0.00033,76993,25.19050,305643
6691,vratinov,1,0.00033,76994,25.19083,305643
6692,vulturm,1,0.00033,76995,25.19115,305643
6693,v-ware,1,0.00033,76996,25.19148,305643
6694,w7089,1,0.00033,76997,25.19181,305643
6695,wabuMike,1,0.00033,76998,25.19214,305643
6696,waikontse,1,0.00033,76999,25.19246,305643
6697,walking-octopus,1,0.00033,77000,25.19279,305643
6698,wanfade,1,0.00033,77001,25.19312,305643
6699,wang-jian-yu,1,0.00033,77002,25.19344,305643
6700,wangmaster,1,0.00033,77003,25.19377,305643
6701,wanxin-s,1,0.00033,77004,25.19410,305643
6702,wapson,1,0.00033,77005,25.19443,305643
6703,WarGloom,1,0.00033,77006,25.19475,305643
6704,wayneeseguin,1,0.00033,77007,25.19508,305643
6705,WaywardWizard,1,0.00033,77008,25.19541,305643
6706,wbehrens-on-gh,1,0.00033,77009,25.19573,305643
6707,wblakeh,1,0.00033,77010,25.19606,305643
6708,wbunthof,1,0.00033,77011,25.19639,305643
6709,wbx-github,1,0.00033,77012,25.19672,305643
6710,web-devel,1,0.00033,77013,25.19704,305643
6711,webus,1,0.00033,77014,25.19737,305643
6712,wefantasy,1,0.00033,77015,25.19770,305643
6713,wehagy,1,0.00033,77016,25.19803,305643
6714,weiwongfaye,1,0.00033,77017,25.19835,305643
6715,wernerk-bbd,1,0.00033,77018,25.19868,305643
6716,wh6b,1,0.00033,77019,25.19901,305643
6717,what-next-github,1,0.00033,77020,25.19933,305643
6718,whchdorf,1,0.00033,77021,25.19966,305643
6719,wholtz,1,0.00033,77022,25.19999,305643
6720,wieck,1,0.00033,77023,25.20032,305643
6721,willhbr,1,0.00033,77024,25.20064,305643
6722,WilliamYuhangLee,1,0.00033,77025,25.20097,305643
6723,willmerae,1,0.00033,77026,25.20130,305643
6724,win5do,1,0.00033,77027,25.20162,305643
6725,windmaple,1,0.00033,77028,25.20195,305643
6726,WingCode,1,0.00033,77029,25.20228,305643
6727,WinterWolf98,1,0.00033,77030,25.20261,305643
6728,WisdomWolf,1,0.00033,77031,25.20293,305643
6729,wkoszek,1,0.00033,77032,25.20326,305643
6730,wkrea,1,0.00033,77033,25.20359,305643
6731,wladmis,1,0.00033,77034,25.20391,305643
6732,wngfra,1,0.00033,77035,25.20424,305643
6733,wnhrt,1,0.00033,77036,25.20457,305643
6734,wojnarw,1,0.00033,77037,25.20490,305643
6735,Woocash9,1,0.00033,77038,25.20522,305643
6736,woodrad,1,0.00033,77039,25.20555,305643
6737,writegr,1,0.00033,77040,25.20588,305643
6738,wspear,1,0.00033,77041,25.20620,305643
6739,wvh-github,1,0.00033,77042,25.20653,305643
6740,Wyifei,1,0.00033,77043,25.20686,305643
6741,WYmindsky,1,0.00033,77044,25.20719,305643
6742,x2x4com,1,0.00033,77045,25.20751,305643
6743,x86cloud,1,0.00033,77046,25.20784,305643
6744,xals,1,0.00033,77047,25.20817,305643
6745,xavierog,1,0.00033,77048,25.20849,305643
6746,xbb,1,0.00033,77049,25.20882,305643
6747,XenGi,1,0.00033,77050,25.20915,305643
6748,xiaobitipao,1,0.00033,77051,25.20948,305643
6749,Xiaohua-Shen,1,0.00033,77052,25.20980,305643
6750,xiayushidai,1,0.00033,77053,25.21013,305643
6751,xinfeingxia85,1,0.00033,77054,25.21046,305643
6752,xingd,1,0.00033,77055,25.21079,305643
6753,xingheng,1,0.00033,77056,25.21111,305643
6754,xinzhang-lotusflare,1,0.00033,77057,25.21144,305643
6755,xneceo,1,0.00033,77058,25.21177,305643
6756,Xnyle,1,0.00033,77059,25.21209,305643
6757,xpufx,1,0.00033,77060,25.21242,305643
6758,xuanxianyou,1,0.00033,77061,25.21275,305643
6759,xx022,1,0.00033,77062,25.21308,305643
6760,Xylobol,1,0.00033,77063,25.21340,305643
6761,x-yuri,1,0.00033,77064,25.21373,305643
6762,yacineMTB,1,0.00033,77065,25.21406,305643
6763,YangdaXing,1,0.00033,77066,25.21438,305643
6764,yanglianping,1,0.00033,77067,25.21471,305643
6765,yangskyboxlabs,1,0.00033,77068,25.21504,305643
6766,yangwenmai,1,0.00033,77069,25.21537,305643
6767,yangzhijia1985,1,0.00033,77070,25.21569,305643
6768,yckbilly1929,1,0.00033,77071,25.21602,305643
6769,yeongsheng-tan,1,0.00033,77072,25.21635,305643
6770,yevgeny-z,1,0.00033,77073,25.21667,305643
6771,yhgu2000,1,0.00033,77074,25.21700,305643
6772,yhoyhoj,1,0.00033,77075,25.21733,305643
6773,yihuan-Guo,1,0.00033,77076,25.21766,305643
6774,yin1999,1,0.00033,77077,25.21798,305643
6775,yitingdc,1,0.00033,77078,25.21831,305643
6776,yiya1989,1,0.00033,77079,25.21864,305643
6777,yldzmuhammed,1,0.00033,77080,25.21896,305643
6778,ymir0804,1,0.00033,77081,25.21929,305643
6779,yogeshgadge,1,0.00033,77082,25.21962,305643
6780,yogeshpmandre,1,0.00033,77083,25.21995,305643
6781,yol,1,0.00033,77084,25.22027,305643
6782,yonatanbsepio,1,0.00033,77085,25.22060,305643
6783,yossicohn-hs,1,0.00033,77086,25.22093,305643
6784,ytimenkov,1,0.00033,77087,25.22125,305643
6785,yuanshangcao1108,1,0.00033,77088,25.22158,305643
6786,yubiuser,1,0.00033,77089,25.22191,305643
6787,yuckster,1,0.00033,77090,25.22224,305643
6788,yusufcakmakk,1,0.00033,77091,25.22256,305643
6789,YuviGold,1,0.00033,77092,25.22289,305643
6790,Yvan-Masson,1,0.00033,77093,25.22322,305643
6791,yveszoundi,1,0.00033,77094,25.22355,305643
6792,yyf1986,1,0.00033,77095,25.22387,305643
6793,z0rb,1,0.00033,77096,25.22420,305643
6794,z997974738,1,0.00033,77097,25.22453,305643
6795,Zacama,1,0.00033,77098,25.22485,305643
6796,zackorndorff,1,0.00033,77099,25.22518,305643
6797,zainen,1,0.00033,77100,25.22551,305643
6798,zakaria-chahboun,1,0.00033,77101,25.22584,305643
6799,Zakeeyullah,1,0.00033,77102,25.22616,305643
6800,Zak-Ghani,1,0.00033,77103,25.22649,305643
6801,zanven42,1,0.00033,77104,25.22682,305643
6802,zastrixarundell,1,0.00033,77105,25.22714,305643
6803,Zathrus,1,0.00033,77106,25.22747,305643
6804,zawadaa,1,0.00033,77107,25.22780,305643
6805,ZCM111,1,0.00033,77108,25.22813,305643
6806,zcrisler,1,0.00033,77109,25.22845,305643
6807,zeekoe,1,0.00033,77110,25.22878,305643
6808,zeigerpuppy,1,0.00033,77111,25.22911,305643
6809,zelrew,1,0.00033,77112,25.22943,305643
6810,zemdreg,1,0.00033,77113,25.22976,305643
6811,Zen0x7,1,0.00033,77114,25.23009,305643
6812,zenodotus280,1,0.00033,77115,25.23042,305643
6813,zentialEdwardSu,1,0.00033,77116,25.23074,305643
6814,zephvr,1,0.00033,77117,25.23107,305643
6815,zerda,1,0.00033,77118,25.23140,305643
6816,zhangchaoza,1,0.00033,77119,25.23172,305643
6817,zhangdaopin,1,0.00033,77120,25.23205,305643
6818,zhanglolo,1,0.00033,77121,25.23238,305643
6819,Zhappa,1,0.00033,77122,25.23271,305643
6820,Zihe33Huang,1,0.00033,77123,25.23303,305643
6821,zimmski,1,0.00033,77124,25.23336,305643
6822,ziouf,1,0.00033,77125,25.23369,305643
6823,zjuwyz,1,0.00033,77126,25.23401,305643
6824,zkirill,1,0.00033,77127,25.23434,305643
6825,zlobober,1,0.00033,77128,25.23467,305643
6826,zlogic,1,0.00033,77129,25.23500,305643
6827,znmeb,1,0.00033,77130,25.23532,305643
6828,zouppen,1,0.00033,77131,25.23565,305643
6829,zpytela,1,0.00033,77132,25.23598,305643
6830,zwjzxh520,1,0.00033,77133,25.23631,305643
6831,zwn,1,0.00033,77134,25.23663,305643
6832,zygous,1,0.00033,77135,25.23696,305643
6833,zyzhu2000,1,0.00033,77136,25.23729,305643
6834,zzguang520520,1,0.00033,77137,25.23761,305643
